1.781996660232543945e+02
7.174296027421951294e+01
2.764509005844593048e+01
1.023692123964428902e+01
3.971523260697722435e+00
2.261594096198678017e+00
4.119141845032572746e+00
3.001217068172991276e+00
2.121363756246864796e+00
1.499565705657005310e+00
1.243451776215806603e+00
9.136397319380193949e-01
1.923241004813462496e+00
1.358868279261514544e+00
8.425554126733914018e-01
9.262563476804643869e-01
5.429508461384102702e-01
4.567596669076010585e-01
5.102468500845134258e-01
8.478590822778642178e-01
7.258376533281989396e-01
4.815338636981323361e-01
2.315714420983567834e-01
3.391516727861016989e-01
3.462124889483675361e-01
4.508908996358513832e-01
7.261922797770239413e-01
4.608497302688192576e-01
5.664333135646302253e-01
1.930462932214140892e-01
5.184009230870287865e-01
8.346917286398820579e-01
2.774918392708059400e+00
2.312881663441658020e+00
1.094451972632668912e+00
6.139497752301394939e-01
4.629735505441203713e-01
9.881109463749453425e-01
2.617804809124208987e-01
6.010772504669148475e-01
5.601090338313952088e-01
1.899013896472752094e-01
3.544974243268370628e-01
3.127800993388518691e-01
1.573897197667974979e-01
2.478396879305364564e-01
3.593844263814389706e-01
3.028983654076000676e-01
1.509999329689890146e+00
1.762662989814998582e+00
1.090125849877949804e+00
4.431171666074078530e-01
3.581448077165987343e-01
3.301299531594850123e-01
7.569082921108929440e-01
5.974430429923813790e-01
2.318706773949088529e-01
3.053288602095562965e-01
4.183452683937503025e-01
4.294691472459817305e-01
3.641853104345500469e-01
3.819267479266272858e-01
1.891080390632851049e-01
1.362061142426682636e-01
1.515243411922710948e-01
4.288537748070666566e-01
1.871378621435724199e-01
9.226113192707998678e-01
1.369352409121347591e+00
9.097133149916771799e-01
3.788221830909606069e-01
2.566517352533992380e-01
3.425114184574340470e-01
2.331274027819745243e-01
1.800367703835945576e-01
2.987202955846441910e-01
7.535399140615481883e-01
1.170416879889671691e+00
1.227192666032351553e+00
4.924197240325156599e-01
4.644616474397480488e-01
4.131486923724878579e-01
3.734324644319713116e-01
2.821813339542131871e-01
1.883941658597905189e-01
1.210077401919988915e-01
1.138468352510244586e-01
1.614213991924771108e-01
1.399218235455919057e-01
1.008008558237634134e-01
1.012381767141050659e-01
1.848809977745986544e-01
8.572318443475523964e-02
1.026311533423722722e-01
9.290830197278410196e-02
1.154161712365748826e-01
1.043227955815382302e-01
1.346331937202194240e-01
1.259900225013552699e-01
8.391345096606528386e-02
1.389020061433257069e-01
1.183029780859214952e-01
3.463908740395709174e-01
8.550405723326548468e-01
1.030793584999628365e+00
8.532277798949507996e-01
1.336387176415883005e+00
1.489796389447292313e+00
8.112024327274411917e-01
8.543563201965298504e-01
5.512419358419720083e-01
1.047880651603918523e+00
6.321810382651165128e-01
2.585817275394219905e-01
1.907625650928821415e-01
1.179004063596948981e-01
2.009424910138477571e-01
3.740848031520727091e-01
1.750479868424008600e-01
1.371765340736601502e-01
1.072705433762166649e-01
8.293776099162641913e-02
1.377737112652539508e-01
1.729301796767686028e-01
1.253259070563217392e-01
9.948615116991277318e-02
1.834343596874532523e-01
1.279459213310474297e-01
1.063976208533858880e-01
9.082966807000047993e-02
1.076882853194547351e-01
6.923241774165944662e-02
8.629546036263491260e-02
1.574989609653130174e-01
1.183332949876785278e-01
1.334612712234957144e-01
8.922016886936035007e-02
7.439851486378756817e-02
9.610020929903839715e-02
2.422881912816592376e-01
1.495488577529613394e-01
1.803783993118486251e-01
7.246269893585122190e-02
1.352086138067534193e-01
1.014517313742544502e-01
8.945665966894011945e-02
9.688594409090001136e-02
1.024130600289936410e-01
9.991157059084798675e-02
1.252806548109219875e-01
9.021533352733968059e-02
1.100490407725374098e-01
8.569092605921468930e-02
7.900996414355176967e-02
9.767006562105962075e-02
9.693992962002084823e-02
1.142316046975793142e-01
1.230869437395085697e-01
2.799476592272185371e-01
9.485713577741989866e-01
9.556950911937747151e-01
1.727542112006631214e+00
1.224186189065221697e+00
1.523059894156176597e+00
4.606661358120618388e-01
4.871192608407000080e-01
1.839472106512403116e-01
1.473188264280906878e-01
1.353738840571168112e-01
1.569855696834565606e-01
1.471396262240887154e-01
1.137756611460645217e-01
2.470070036142715253e-01
9.706597334661637433e-02
1.848599435070354957e-01
2.990419158377335407e-01
1.410281432690680958e-01
7.865649172599660233e-01
7.196170700190123171e-01
2.080701438389951363e-01
2.258300562243675813e-01
2.555984514183364809e-01
2.470476794187561609e-01
1.746644743834622204e-01
1.253460152365732938e-01
1.146822497539687902e-01
1.199064676875423174e-01
2.664263998194655869e-01
9.107417032464582007e-02
1.109618940354266670e-01
1.025695184298456297e-01
1.056728478542936500e-01
1.353076052464530221e-01
9.160255995629995596e-02
9.647653053252724931e-02
1.162282904233506997e-01
8.721312963371019578e-02
9.339628797442856012e-02
1.191135247790953144e-01
8.253483943826722680e-02
