1.730992927551269531e+02
7.027621552348136902e+01
2.895141778141260147e+01
8.323088824748992920e+00
4.997837417759001255e+00
3.375803194940090179e+00
3.847426997032016516e+00
2.611843498423695564e+00
1.654559683520346880e+00
1.551811024080961943e+00
6.485893949866294861e-01
5.397144025191664696e-01
8.643214062321931124e-01
1.005927209276705980e+00
7.233152110129594803e-01
1.981369375716894865e+00
3.467743853339925408e+00
1.259611109271645546e+00
1.090875266119837761e+00
6.851889956742525101e-01
2.202475088648498058e+00
1.067727997899055481e+00
1.701566400937736034e+00
1.960709305247291923e+00
4.094439130276441574e-01
5.042228209204040468e-01
3.977917854208499193e-01
1.100245217385236174e+00
1.294179473770782351e+00
7.360329401562921703e-01
7.005819419864565134e-01
2.054289029038045555e-01
2.018867105944082141e-01
8.356026170367840677e-01
3.454710983787663281e-01
2.654212983907200396e-01
2.916441714914981276e-01
1.023147795960539952e+00
8.671155419433489442e-01
5.240773779805749655e-01
4.329568523098714650e-01
2.018515061936341226e-01
1.518944541167002171e-01
2.161874578159768134e-01
2.619006163440644741e-01
2.794984817737713456e-01
1.606988005223684013e-01
2.830954526143614203e-01
1.538940854276006576e+00
3.179512950591742992e+00
9.985380761791020632e-01
1.104900381527841091e+00
5.682186902267858386e-01
3.028250020579434931e-01
4.098841182421892881e-01
2.038666963198920712e-01
4.006237256980966777e-01
7.094119862595107406e-01
6.811278270761249587e-01
3.847149059583898634e-01
2.545506135211326182e-01
3.044037063737050630e-01
4.085754346378962509e-01
5.198096252352115698e-01
7.339730383391724899e-01
1.071067800105083734e+00
8.415744444937445223e-01
6.763331978290807456e-01
2.377095563715556636e-01
1.177826895567704923e+00
4.033251242944970727e-01
2.901266490225680172e-01
2.653986798250116408e-01
3.550709880510112271e-01
3.527118039273773320e-01
1.917962549778167158e-01
2.071499131125165150e-01
1.794972371135372669e-01
1.862893148572766222e-01
1.482322248120908625e-01
1.668570761758019216e-01
1.290463741097482853e-01
2.130515775279491208e-01
2.029981381274410523e-01
5.753639723989181221e-01
1.810806036737631075e+00
1.120100957516115159e+00
7.681883077020756900e-01
5.126059150206856430e-01
2.986004899139516056e-01
3.585172186358249746e-01
4.486530793510610238e-01
2.523006767514743842e-01
2.312820728620863520e-01
2.149034348913119175e-01
2.025776713344384916e-01
1.645924872427713126e-01
1.643079124696669169e-01
1.605433988843287807e-01
1.723897864285390824e-01
