2.117695251805707812e+01
5.967504141153767705e-01
1.228201607940718532e+00
8.266247293213382363e-01
1.694134420249611139e-01
7.691063405945897102e-02
5.371307057794183493e-02
5.805084187886677682e-02
4.369043526821769774e-02
3.226088653900660574e-02
2.393973142898175865e-02
2.126973188569536433e-02
1.880239735328359529e-02
1.643351885286392644e-02
1.496742501331027597e-02
1.163126761821331456e-02
1.214200373215135187e-02
9.729687859362456948e-03
1.467103636241517961e-02
2.106540766770194750e+00
1.181749913346720859e+00
8.653111819876357913e-02
2.498584269778802991e-02
1.660373438062379137e-02
5.655837748345220461e-01
8.333030102949123830e-02
1.737076437711948529e-02
1.166920916148228571e-02
9.264468266337644309e-03
7.991464583028573543e-03
7.821105446055298671e-03
6.366504385368898511e-03
5.693546194379450753e-03
4.785934868777985685e-03
4.607238730386598036e-03
4.084325226358487271e-03
3.571072724298574030e-03
3.599339535867329687e-03
3.256353207689244300e-03
2.769151491520460695e-03
3.167686891174525954e-03
2.814182626025285572e-03
2.519423820558586158e-03
2.259700378999696113e-03
2.471842376507993322e-03
2.127511113940272480e-03
1.876231446658493951e-03
1.933744306370499544e-03
1.799682261662383098e-03
1.655079500778811052e-03
1.588107135512473178e-01
2.253418844145926414e+00
3.117882307560648769e-02
1.743917562998831272e-02
1.155757130254642107e-02
5.795435874460963532e-03
4.599899955792352557e-03
3.342422505738795735e-03
3.724471428540709894e-03
3.224738352400891017e-03
2.387242398071975913e-03
2.851305299373052549e-03
2.103322450238920283e-03
1.555875501253467519e-03
2.091264354021404870e-03
1.387602289014466805e-03
1.337527122359460918e-03
1.165597991985123372e-03
1.225823372351442231e-03
1.839911627030232921e-03
1.020143252389971167e-03
2.681346546251006657e-02
1.059393884021119447e+00
5.931345251519815065e-02
6.877347408590139821e-03
6.380119579262100160e-03
2.150190949123498285e-02
1.764486312640656251e-02
1.426050723421212751e-02
2.978548074070204166e-01
2.764695433324959595e-02
1.091669364495828631e-02
4.059652405885572080e-03
4.676344298786716536e-03
4.163894625889952295e-03
2.110972858590685064e-01
1.591342297797382344e-02
5.912399766202725004e-03
2.249431873224239098e-03
3.944870816485490650e-02
3.482056066786753945e-03
4.891605807188170729e-03
1.246747597178909928e-03
1.955036441922857193e-01
3.294246531368116848e-03
2.959216695671784692e-03
1.819391388380608987e-03
1.093962992626984487e-03
1.129912398937449325e-03
8.666829398862319067e-04
1.878955479014621233e-03
6.904138870140741346e-04
9.391136532030941453e-04
1.231583907497224573e-03
5.007121341122910962e-04
4.715984113090598839e-04
1.175581866959873878e-03
3.995225669086721609e-04
3.633769171074163751e-04
3.724074297224433394e-04
6.084138236701619462e-04
5.420298571152670775e-04
2.835597335320017010e-04
3.778185085820950917e-04
2.874653434332685720e-04
2.293029320412642846e-04
2.790262113876451622e-04
1.045273406816704664e-03
1.994567743395236903e-04
2.395864435129624326e-04
2.031667201549680613e-04
1.833326472535645735e-04
2.029848330380445987e-04
1.804720292284400784e-04
1.011313269827951444e-03
1.853484231730817555e-04
1.714756657520410954e-04
1.628732349843176053e-04
1.418416674141553813e-04
1.732392477720168245e-04
1.923558224063981470e-04
1.236237163482201140e-04
1.211527662121625326e-04
1.288981745659611988e-04
1.079171529880795788e-04
1.008081688667061826e-04
8.621906820849289943e-05
8.406944836281127209e-05
8.396704632218643383e-05
8.097841154608431680e-05
7.991885011904287239e-05
9.791369508604930161e-05
5.838453265027965244e-05
6.106571804309623985e-05
8.057501145231071860e-05
5.546433447989329579e-05
8.202664662348979618e-05
5.159900519657867335e-05
5.449202258489549422e-05
5.758331183614018300e-05
5.132184036682474471e-05
4.835757997767586858e-05
4.594478775743482402e-05
4.975419252417623284e-05
5.174550275199862881e-05
1.308586954635870825e-04
3.520035402004850766e-05
5.203498476902268521e-04
5.396137603952411155e-05
4.726634133334073340e-05
4.648160750875263147e-05
3.270961422074947222e-05
4.431306330143769401e-05
3.082088221972867359e-05
3.909695309900484972e-05
3.858193329975279084e-05
2.775482117556293815e-05
3.076529809575845320e-05
2.638791871945045386e-05
2.649873813354020058e-05
2.399583616430334132e-05
2.117889795094640704e-05
2.283710419526130408e-05
2.107847053700595552e-05
2.208520749125142402e-05
2.299111613801585463e-05
1.640146299486389125e-05
1.524565244537257058e-05
1.417568653039325000e-05
1.598923413226316370e-05
1.344860923024882027e-05
1.156799024482069171e-05
1.564892502692316612e-05
1.484734625734063229e-05
1.049527117213955307e-05
1.050271520131040859e-05
9.358894420552488214e-06
8.992034602250953412e-06
8.640240916513164393e-06
9.950049752349698906e-06
8.763172949066699857e-06
8.585817710349274989e-06
1.280647280932356580e-05
6.440699840792873943e-06
1.925826015103382360e-05
6.912515208457037375e-06
6.724955961212586431e-06
8.260218588240775262e-06
5.507272592852885396e-06
5.036589734164209631e-06
