2.102800879161804914e+01
5.194798914017155766e-01
9.408021522685885429e-01
9.776789015159010887e-01
4.358590462943539023e-01
1.146628189599141479e-01
7.431530879694037139e-02
5.782090328284539282e-02
4.226105153793469071e-02
3.323376159823965281e-02
2.802296611480414867e-02
2.464936200703959912e-02
2.208232763223350048e-02
1.870569249877007678e-02
1.662613488588249311e-02
1.487955776246963069e-02
1.256932476098882034e-02
1.313469554588664323e-02
2.012768500899255741e-01
2.674298421945422888e+00
8.036034232354722917e-01
3.006294065999099985e-01
2.074459165742155164e-01
2.381791478546801955e-02
1.928401341865537688e-02
1.219598927127663046e-02
4.332371230702847242e-01
7.754493583342991769e-02
2.627316501166205853e-01
1.550781950209056959e-02
1.337987275474006310e-02
9.013756403874140233e-03
8.922835775592830032e-03
6.717984186252579093e-03
5.675849253748310730e-03
6.855727453512372449e-03
4.627888411050662398e-03
4.169857276792754419e-03
3.972315975261153653e-03
3.702760595842846669e-03
3.256781161326216534e-03
3.204258217010647058e-03
3.235543585105915554e-03
2.709153763134963810e-03
2.448317928610777017e-03
2.502864564121409785e-03
2.249211352136626374e-03
2.365744940107106231e-03
1.922396706504514441e-03
1.905910575260350015e-03
1.690634007900371216e-03
1.809634420169459190e-03
1.825004900638305116e-03
1.591096986885531805e-03
1.339768622528936248e-03
1.261767872165364679e-03
1.446110597498773132e-03
1.336631160938850371e-03
1.075153326382860541e-03
1.151540886894508731e-03
1.042774934376211604e-03
1.092177171358343912e-03
1.015376989471405977e-03
9.456691132072592154e-04
8.581312763453752268e-04
1.107524786675639916e-03
7.975918847478169482e-04
1.218612295360799180e-03
7.637945384431077400e-04
7.154369347972533433e-04
6.801294312026584521e-04
6.234029676761565497e-04
6.979914551266119815e-04
6.690722541407012613e-04
5.252202975043473998e-04
5.620831182113761315e-04
5.963328678717516595e-04
4.950840063884243136e-04
4.499034679383839830e-04
4.655297882436570944e-04
4.553952874175593024e-04
6.825600482898153132e-04
3.880872377521882299e-04
3.426814017757351394e-04
3.316444292522646720e-04
3.413185814906682936e-04
3.647195821940840688e-04
5.445920434476647642e-02
8.296956389203842264e-01
8.138559991057263687e-01
1.742746308518690057e-01
1.175369859774946235e-01
1.605367198317253496e-02
5.139068851349293254e-03
4.235418959979142528e-03
5.104474086692789569e-03
2.009300330428231973e-03
2.046367354068934219e-03
3.364675218108459376e-03
1.557713284455530811e-03
1.259677723282948136e-03
1.119293440297042252e-03
1.475863486120942980e-03
8.966910847902909154e-04
7.979184069881739561e-04
7.293975484117254382e-04
1.362863663644020562e-03
2.069531860342976870e-03
6.089091273224767065e-04
6.926024935864916188e-04
5.451417988524553948e-04
4.606656909800221911e-04
5.346357667121992563e-04
7.365090051507650060e-04
5.247943141739597195e-04
3.954819229647910106e-04
1.341388164803447580e-03
4.188606139905459713e-04
3.119935800555140304e-04
2.754944871412590146e-04
5.159263010909853620e-04
2.243664438879022782e-04
2.465327282266116526e-04
2.378903509452356957e-04
2.081547767716074304e-04
1.931924275595520157e-04
3.224534136734291678e-04
1.825295784669833665e-04
2.329144562054352718e-04
1.821579135139472783e-04
5.536999827882027603e-04
1.798748033365882293e-04
2.489706348285380955e-04
1.742737900087831804e-04
1.148911288737508585e-04
4.759181293536585144e-04
1.572789209944858158e-04
4.074650906176202625e-03
7.204263685025580344e-04
2.505400433392424020e-04
2.263662698283042118e-04
1.350773849253528169e-04
1.478819742715131724e-04
1.395560732362355338e-04
1.336150341728625790e-04
9.493733733734188718e-05
8.573248601351224352e-05
8.316583773648744682e-05
7.916805819263572630e-05
7.048098609629960265e-05
8.112989667097281199e-05
6.195224347038674750e-05
8.006277519712057256e-05
5.060726950034677429e-05
6.060270457908245589e-05
5.194616413461972115e-05
5.115923152487766856e-05
5.472790966365437271e-05
5.071027776182290836e-05
4.735329708438484886e-05
3.592675012242807497e-05
3.513649215136638304e-05
3.522170263181578775e-05
4.013341396102987346e-05
3.202541147828696921e-05
3.159098827154593891e-05
3.487270898006045172e-05
2.694806531877702582e-05
2.598270150144799118e-05
2.445179750765191784e-05
2.354557841499627102e-05
2.203019898061597814e-05
2.296407197377448028e-05
2.350408931306446902e-05
2.074593880507791255e-05
2.312630515177716006e-05
1.970785399230123858e-05
1.763629991025084109e-05
5.228730232964551305e-05
1.297906259889458624e-05
1.497596392674438448e-05
1.815581594755144579e-05
1.313179790507490452e-05
1.494692467129965507e-05
1.112549350246183621e-05
1.164622291049965952e-05
1.498112579945143352e-05
1.013893058887660459e-05
9.962391080975407931e-06
3.650513803510335720e-05
9.607194201066704409e-06
7.656764187125020271e-06
1.039595995866449130e-05
9.726395217235506152e-06
4.265817002813143688e-05
7.154498874228920613e-06
8.434375635246738057e-06
7.041766604487520453e-06
7.422874860552042264e-06
6.821001125922876440e-06
