7.871488567590713501e+02
2.404153385460376740e+02
2.227255798876285553e+02
2.088674044907093048e+02
1.961359080076217651e+02
1.869824129045009613e+02
1.785125978887081146e+02
1.664217237979173660e+02
1.527600366175174713e+02
1.399520527869462967e+02
1.271430972889065742e+02
1.152612347900867462e+02
1.229095949828624725e+02
1.102032347470521927e+02
9.357666069269180298e+01
8.544476071000099182e+01
7.717788533866405487e+01
7.234739961847662926e+01
6.853477851301431656e+01
6.522092537209391594e+01
6.279304962791502476e+01
5.851607104577124119e+01
5.675072470866143703e+01
5.222675843164324760e+01
5.144404418207705021e+01
4.866830605268478394e+01
4.866504263877868652e+01
4.599396965280175209e+01
4.570771569199860096e+01
4.526946838758885860e+01
4.039956337027251720e+01
4.607506497576832771e+01
4.124782535713165998e+01
4.139370802976191044e+01
3.874854692444205284e+01
3.883733638282865286e+01
3.675079698581248522e+01
3.731980277691036463e+01
3.424414563365280628e+01
3.470514005608856678e+01
3.483694514818489552e+01
3.527448487002402544e+01
3.385744624771177769e+01
3.277289429400116205e+01
3.324565483443439007e+01
3.373797700181603432e+01
3.147405812656506896e+01
3.258303886931389570e+01
3.034059919975697994e+01
3.157395612075924873e+01
3.191227128263562918e+01
2.834654105547815561e+01
3.031714447587728500e+01
2.770541222020983696e+01
2.891634911019355059e+01
2.858708244515582919e+01
2.824002038780599833e+01
2.747991973534226418e+01
2.705938612995669246e+01
2.812614430161193013e+01
2.807355124643072486e+01
2.802231020526960492e+01
2.548680024454370141e+01
2.607051284797489643e+01
2.853375625610351562e+01
2.535662910155951977e+01
2.529095727810636163e+01
2.495684825722128153e+01
2.486047727987170219e+01
2.323069296125322580e+01
2.501448547188192606e+01
2.403289121808484197e+01
2.452740897657349706e+01
2.549126527644693851e+01
2.182800289615988731e+01
2.366897325264289975e+01
2.108789122849702835e+01
2.185863872431218624e+01
2.347486510081216693e+01
2.290871953731402755e+01
2.305672840075567365e+01
2.235404512984678149e+01
2.053604058222845197e+01
2.193557338742539287e+01
2.396642476040869951e+01
2.269775674678385258e+01
2.027007681410759687e+01
2.045776922442018986e+01
2.064213309949263930e+01
2.232625426119193435e+01
2.074779330519959331e+01
2.039882788993418217e+01
2.074270592303946614e+01
2.015755854011513293e+01
2.167382515175268054e+01
1.927558992197737098e+01
2.137676557619124651e+01
1.888426147028803825e+01
1.974307529465295374e+01
1.974294183868914843e+01
1.919088453333824873e+01
1.898010620987042785e+01
1.915191283565945923e+01
1.978565121116116643e+01
1.753096600668504834e+01
1.986139433528296649e+01
1.888543451181612909e+01
2.144618642330169678e+01
1.998064333479851484e+01
1.787596920470241457e+01
1.731349345040507615e+01
1.853461724752560258e+01
2.806069587939418852e+01
2.019873399846255779e+01
1.900157454481814057e+01
1.851412857952527702e+01
1.658351396955549717e+01
1.609475953888613731e+01
1.610007421404588968e+01
1.687466332485200837e+01
1.651435964182019234e+01
1.635523240186739713e+01
1.750540294754318893e+01
1.728365947026759386e+01
1.625351194373797625e+01
1.717393647332210094e+01
1.559830336796585470e+01
1.780332411080598831e+01
1.763168058148585260e+01
1.505309152707923204e+01
1.580429634661413729e+01
1.615299650316592306e+01
1.560029557862435468e+01
1.737979155709035695e+01
1.677745133684948087e+01
1.545073549472726882e+01
1.625174808525480330e+01
1.707550168922170997e+01
1.511247639227076434e+01
1.537105453555705026e+01
1.518176231445977464e+01
1.389386389168794267e+01
1.528604944323888049e+01
1.508175578771624714e+01
1.361846407974371687e+01
1.563324346754234284e+01
1.425033189213718288e+01
1.409469981805887073e+01
1.400715852895518765e+01
1.411809227714547887e+01
1.500336273625725880e+01
1.395230672345496714e+01
1.402644470173981972e+01
1.461306009069085121e+01
1.436155305305146612e+01
1.409089736122405156e+01
1.388967938572750427e+01
1.300728099970729090e+01
1.449843728964333422e+01
1.455556271556997672e+01
1.573152066909824498e+01
1.241962619466357864e+01
1.390700123310671188e+01
1.306768434983678162e+01
1.224788736287155189e+01
1.230143391856108792e+01
1.204297493622289039e+01
1.403265609710069839e+01
1.222278930424363352e+01
1.179941434407373890e+01
1.393939596835116390e+01
1.254493577443645336e+01
1.180596848172717728e+01
1.372067281618365087e+01
1.156460042868275195e+01
1.260173245050827973e+01
1.173623664729529992e+01
1.183523853844963014e+01
1.130363408772973344e+01
1.228467278319294564e+01
1.150071922314236872e+01
1.198579238498496125e+01
1.123088386272138450e+01
1.206060857328702696e+01
1.081653027405263856e+01
1.251517007553775329e+01
1.140949221941991709e+01
1.073678512383048655e+01
1.182455656946694944e+01
1.068151818145997822e+01
1.029570371305453591e+01
1.173892580058600288e+01
1.332780489223659970e+01
1.047530119516886771e+01
1.074387914502585772e+01
1.156756896869046614e+01
9.645690525649115443e+00
9.186049627060128842e+00
1.026522113545797765e+01
1.095488161396497162e+01
