5.918626460731029510e+02
8.487404823303222656e+01
7.434988576173782349e+01
6.544415742158889771e+01
6.087157113850116730e+01
5.555813280493021011e+01
5.141337694227695465e+01
4.609112760424613953e+01
4.124420802295207977e+01
3.708665282279253006e+01
3.260936696827411652e+01
3.008952932059764862e+01
2.831054236367344856e+01
2.538265120983123779e+01
2.422686781547963619e+01
2.314163461886346340e+01
2.026510369777679443e+01
2.084786373376846313e+01
1.870133009459823370e+01
1.847112854011356831e+01
1.829611584171652794e+01
1.708846062235534191e+01
1.736794433556497097e+01
1.491768553201109171e+01
1.480819118767976761e+01
1.374884208664298058e+01
1.618901487253606319e+01
1.539667104743421078e+01
1.335778956487774849e+01
1.484326812438666821e+01
1.426735162362456322e+01
1.367205777857452631e+01
1.155511494725942612e+01
1.220717200078070164e+01
1.246946018468588591e+01
1.234147935453802347e+01
1.270035134861245751e+01
1.281675806315615773e+01
1.095629409281536937e+01
1.213697309233248234e+01
1.319701169896870852e+01
1.074414334259927273e+01
1.098859881795942783e+01
1.071544014383107424e+01
1.136731788283213973e+01
1.000908903032541275e+01
1.025486877467483282e+01
1.105091008730232716e+01
1.095279892301186919e+01
1.055131942406296730e+01
9.995907073840498924e+00
9.136947567574679852e+00
9.281992637086659670e+00
1.047592793824151158e+01
1.028953017480671406e+01
8.977912538219243288e+00
9.039686957839876413e+00
9.701211927458643913e+00
9.324317769613116980e+00
9.215026658028364182e+00
7.847916503902524710e+00
8.541206063237041235e+00
9.090847074985504150e+00
1.011050944216549397e+01
8.385770561173558235e+00
8.631061263848096132e+00
8.429405466187745333e+00
7.650670152856037021e+00
9.667139439843595028e+00
9.404766420833766460e+00
8.994021875318139791e+00
7.455830262042582035e+00
7.769400306046009064e+00
7.364060905296355486e+00
8.647631217725574970e+00
7.931051306193694472e+00
7.684209435712546110e+00
8.168728004908189178e+00
8.470283676870167255e+00
7.268047980032861233e+00
6.476972691481932998e+00
6.808729219716042280e+00
7.737469529965892434e+00
7.673130823066458106e+00
8.815819097682833672e+00
7.636209506541490555e+00
6.787106055999174714e+00
8.498860908439382911e+00
6.750738520873710513e+00
7.437685632845386863e+00
6.678389104316011071e+00
7.003124848706647754e+00
6.381417725933715701e+00
6.646787960547953844e+00
5.911067526321858168e+00
6.100330351851880550e+00
8.656575761269778013e+00
6.244048410560935736e+00
7.399975298205390573e+00
5.837265222799032927e+00
8.156468806788325310e+00
6.205067494884133339e+00
7.141830461099743843e+00
6.991466232575476170e+00
6.892551343888044357e+00
6.358235266990959644e+00
6.064317284384742379e+00
5.455173708382062614e+00
5.844091871287673712e+00
6.412460790248587728e+00
5.912521502701565623e+00
6.255617340793833137e+00
5.343060255749151111e+00
6.086208469234406948e+00
6.038255280582234263e+00
6.490626060171052814e+00
6.269736086251214147e+00
5.698824615683406591e+00
5.258469186490401626e+00
5.500124812358990312e+00
6.137000512331724167e+00
5.179192062001675367e+00
5.138524403912015259e+00
6.254344412707723677e+00
5.387676413229200989e+00
4.926778845838271081e+00
4.218665339110884815e+00
4.886594261392019689e+00
5.509442759328521788e+00
4.670096828951500356e+00
4.577841794874984771e+00
4.356627407018095255e+00
4.236385861557209864e+00
4.814711428363807499e+00
5.480375230807112530e+00
4.826091314025688916e+00
5.366220150957815349e+00
4.251625298871658742e+00
4.979281243548030034e+00
4.517163219075882807e+00
4.982786567503353581e+00
4.573607413854915649e+00
5.244169296813197434e+00
3.824322003900306299e+00
5.902396837598644197e+00
4.311253308434970677e+00
4.712406089267460629e+00
4.172324921295512468e+00
3.513026704473304562e+00
3.247463709005387500e+00
3.886748840144718997e+00
4.961452031915541738e+00
4.841560752931400202e+00
4.276498948340304196e+00
3.873288658534875140e+00
3.418591347377514467e+00
3.259492895202129148e+00
5.117111626866972074e+00
3.484927767494809814e+00
4.604466565040638670e+00
3.547141587041551247e+00
3.554596808615315240e+00
3.730408944073133171e+00
3.263957629125798121e+00
3.399803376581985503e+00
3.362705187693791231e+00
3.797872435650788248e+00
3.286540414803312160e+00
3.663953196373768151e+00
4.021143145087989978e+00
2.519913411240850110e+00
2.648900400979982805e+00
2.781313344217778649e+00
3.512701208448561374e+00
3.248914439740474336e+00
3.424204491537238937e+00
3.782022310671891319e+00
2.113464926325832494e+00
2.945627895585857914e+00
3.543686951015843078e+00
3.447453159365977626e+00
3.304884649136511143e+00
3.106408333216677420e+00
3.076936276556807570e+00
2.614435548137407750e+00
3.193232339066526038e+00
3.234185737113875803e+00
2.675381792891130317e+00
2.950355362954724114e+00
3.187351998538360931e+00
3.506544001633301377e+00
3.440940031803620514e+00
3.022797581434133463e+00
3.345667053275974467e+00
2.761834887038276065e+00
2.831961332514765672e+00
1.959048715682001784e+00
2.978640133769658860e+00
3.152285750693408772e+00
2.769474525804980658e+00
