2.370730802649632096e+01
7.511890401365235448e-01
6.074172679800540209e-01
2.165438468800857663e-01
1.066158171161077917e-01
7.305088295834138989e-02
5.418699709116481245e-02
4.648904934583697468e-02
1.277115800854517147e+00
2.980124503956176341e-01
4.599583222297951579e-01
4.193917688098736107e-02
3.882120364578440785e-01
3.651223893393762410e-02
2.411835423845332116e-02
1.810511304938700050e-02
1.627475721761584282e-02
1.279242999589769170e-02
1.305932528339326382e-02
1.095625902962638065e-02
1.339988727777381428e-01
4.580808468017494306e-02
1.164043403696268797e-02
9.103517204493982717e-03
7.718448465311666951e-03
6.283848077146103606e-03
5.970253736450104043e-03
5.206014280702220276e-03
4.585560025589074939e-03
4.510820166615303606e-03
4.376897857582662255e-03
3.704615701280999929e-03
3.445094140261062421e-03
3.099758047028444707e-03
3.238477513150428422e-03
2.964213974337326363e-03
2.758736363830394112e-03
2.741024685747106560e-03
1.386645249875073205e+00
1.175745838758302853e+00
4.278947624843567610e-01
1.195020543746068142e-01
1.114654015691485256e-02
2.606247211951995268e-02
7.539337846537819132e-03
5.850883146194973961e-03
4.924009484966518357e-03
4.163144407357322052e-03
3.461923928625765257e-03
3.352574169184663333e-03
2.865284637664444745e-03
2.497209054126869887e-03
2.530022962673683651e-03
2.262873028485046234e-03
2.332918928004801273e-03
2.232996767816075590e-03
1.856072482041781768e-03
1.725323750179086346e-03
1.913542922011401970e-03
1.370087989926105365e-03
1.332387847469362896e-03
1.668679885369783733e-03
1.210641638863307890e-03
1.074215724656824023e-03
5.933717287825857056e-02
8.562188278501707828e-01
4.882354609435424209e-02
2.717243975203018636e-01
2.979350635723676533e-02
7.689311609283322468e-03
3.511159153276821598e-03
4.255947713500063401e-02
3.589990237014717422e-02
2.683956063265213743e-03
2.542393222938699182e-03
1.668590767167188460e-03
1.490934524554177187e-03
1.145547546457237331e-03
1.330194521869998425e-03
9.235114871444238815e-04
1.586494671755644958e-03
7.703126368596713291e-04
8.235381715167022776e-04
6.693219374938053079e-04
6.618294598865759326e-04
6.508143703740643105e-04
5.585026983681018464e-04
6.479014416527206777e-04
5.864410327376390342e-04
1.383994833214956088e+00
5.115765751907019876e-01
2.322561663095257245e-02
1.480785633430059534e-02
3.778946911224920768e-01
3.344746136463072617e-02
5.936210140134789981e-03
3.529226019963971339e-03
6.287295421316230204e-03
2.241871204205381218e-03
1.935260979735176079e-03
1.468013672820234206e-03
1.247875558419764275e-03
1.657816623264807276e-03
1.933367570472910302e-03
1.219781218878779327e-03
7.489200111194804776e-04
7.676527511648600921e-04
6.924944204911298584e-04
6.196614986038184725e-04
5.938838196470896946e-04
5.453500896237528650e-04
4.707361408691213001e-04
4.148281909692741465e-04
4.332724004143528873e-04
4.204525473596731899e-04
5.673555364182902849e-04
4.005947441783064278e-04
3.278469040424170089e-04
2.927970981545513496e-04
3.250039986824049265e-04
2.900075512570765568e-04
3.598080778601797647e-04
3.228937923722696723e-04
2.681519392808695557e-04
7.760881392187002348e-04
2.903732199683872750e-04
2.245272106620177510e-04
2.306146936916775303e-04
8.239854574867422343e-04
1.955407367972838983e-04
1.903467370993894292e-04
1.581220934667726397e-04
1.547559617165461532e-04
1.512511988153164566e-04
1.730642292159245699e-04
1.363985867897099524e-04
1.316748847557391855e-04
1.280661302871521912e-04
1.431047102187221753e-04
1.099710119660812779e-04
1.080704537343990523e-04
9.927885139404679649e-05
9.416217051239073044e-05
9.678766235765579040e-05
9.108211207831118372e-05
7.312649665891512996e-05
8.119236250081485196e-05
7.264634385251156345e-05
7.202442753850846202e-05
6.690950243637416861e-05
6.536907906706801441e-05
5.695102845493238419e-05
7.591442360421751800e-05
5.171668195202983043e-05
5.877727187453274382e-05
5.433937715793035750e-05
5.291547421393261175e-05
5.018623747332640050e-05
4.576475444650895952e-05
4.432281153299300058e-05
4.155412671025260352e-05
4.267335887675471895e-05
4.243880849230663443e-05
3.813975058619689662e-05
3.545905798318926827e-05
3.160485294984027860e-05
3.742767484027353930e-05
3.651472776766695461e-05
2.721387998860791413e-05
2.591471071156092876e-05
2.600330525837080131e-05
2.392672085704816709e-05
2.631509373429707921e-05
2.970247508216061760e-05
2.201531459178340810e-05
2.052729894330695970e-05
2.333783974250991378e-05
1.989660648149538247e-05
1.788283595161033190e-05
1.806748802835045353e-05
1.678809206850928604e-05
3.913613273809346538e-05
1.699313204639452124e-05
1.497841632058793948e-05
1.978573963867802377e-05
1.422752551150097133e-05
1.303365421989610695e-05
1.158386825039769974e-05
1.602416554824515060e-05
1.149154585178280286e-05
1.159698884833915145e-05
1.089127827214042554e-05
1.210747357305308469e-05
9.407812679995686267e-06
9.247787263078066644e-06
9.491711752573905869e-06
8.928381450168387801e-06
8.507589283723859808e-06
8.348046254269547717e-06
6.974876046506039984e-06
