6.008811044692993164e+01
3.901242661476135254e+01
1.942589175701141357e+01
9.240132272243499756e+00
4.658049494028091431e+00
2.504119247198104858e+00
1.113414488732814789e+00
7.482108138501644135e-01
5.197794884443283081e-01
4.211751073598861694e-01
3.255807124078273773e-01
3.046342693269252777e-01
4.211786566302180290e-01
2.233910774812102318e-01
2.179754376411437988e-01
1.870447974652051926e-01
1.642247959971427917e-01
1.998860342428088188e-01
2.836561040021479130e-01
2.845171475782990456e-01
2.888262141495943069e-01
2.876963354647159576e-01
2.201011506840586662e-01
2.788718286901712418e-01
1.990621834993362427e-01
1.568536404520273209e-01
3.020476144738495350e-01
1.592458067461848259e-01
2.383984462358057499e-01
1.896328637376427650e-01
1.301154969260096550e-01
9.593083523213863373e-02
1.426255512051284313e-01
1.218359302729368210e-01
1.408922765403985977e-01
1.240326557308435440e-01
2.420224349480122328e-01
1.086146463640034199e-01
8.650654857046902180e-02
1.097741359844803810e-01
7.722837640903890133e-02
1.624732525087893009e-01
7.147671771235764027e-02
9.434532141312956810e-02
7.011002930812537670e-02
5.140567035414278507e-02
5.258083320222795010e-02
9.625923307612538338e-02
5.162530275993049145e-02
7.659293664619326591e-02
9.378982533235102892e-02
5.566939769778400660e-02
7.458774861879646778e-02
6.196038681082427502e-02
6.299798225518316031e-02
7.376965018920600414e-02
5.095416563563048840e-02
8.912283671088516712e-02
4.734929872211068869e-02
6.781690125353634357e-02
8.184009441174566746e-02
6.843955186195671558e-02
7.465421140659600496e-02
7.255759742110967636e-02
9.200407983735203743e-02
1.060364237055182457e-01
4.747145366854965687e-02
5.269946367479860783e-02
8.817668352276086807e-02
4.956126690376549959e-02
6.001929752528667450e-02
5.505308485589921474e-02
5.840142769739031792e-02
6.297016714233905077e-02
7.615842146333307028e-02
4.270003736019134521e-02
5.924101267009973526e-02
3.937955142464488745e-02
4.640723345801234245e-02
1.044238317990675569e-01
3.885774407535791397e-02
5.734533921349793673e-02
4.848754359409213066e-02
7.878655253443866968e-02
4.671781777869910002e-02
4.217240202706307173e-02
4.209944780450314283e-02
4.623821424320340157e-02
4.771134350448846817e-02
6.202252651564776897e-02
4.330510797444730997e-02
4.101247841026633978e-02
3.889765148051083088e-02
6.836818373994901776e-02
5.381102272076532245e-02
8.085366257000714540e-02
4.085507744457572699e-02
4.484231112292036414e-02
6.458009639754891396e-02
3.878412983613088727e-02
8.333323546685278416e-02
6.631737662246450782e-02
3.903438977431505919e-02
2.687525213696062565e-02
6.530770065728574991e-02
4.629763896809890866e-02
3.156985528767108917e-02
5.666367762023583055e-02
3.000256343511864543e-02
7.899818447185680270e-02
3.726377093698829412e-02
4.062851489288732409e-02
6.111278588650748134e-02
2.679965874995104969e-01
1.581373458029702306e-01
7.779362011933699250e-02
2.836013860069215298e-01
1.546779230702668428e-01
3.097826754674315453e-01
7.403883514925837517e-01
9.705569203943014145e-01
7.571465056389570236e-01
6.896029878407716751e-01
3.988764146342873573e-01
6.599842496216297150e-01
5.964769553393125534e-01
8.552023498341441154e-01
3.026242274791002274e-01
1.265372638590633869e-01
1.316444133408367634e-01
8.533387142233550549e-02
8.876279881224036217e-02
8.176677126903086901e-02
1.234738908242434263e-01
3.349219169467687607e-02
6.431328982580453157e-02
5.901248648297041655e-02
4.244844289496541023e-02
4.153674206463620067e-02
6.029151059919968247e-02
4.096319130621850491e-02
5.419159337179735303e-02
5.194207304157316685e-02
4.961962468223646283e-02
3.227869450347498059e-02
5.238541361177340150e-02
4.377384105464443564e-02
4.685863974737003446e-02
4.870911361649632454e-02
7.123065675841644406e-02
9.525765792932361364e-02
3.820657549658790231e-02
3.872350836172699928e-02
4.542012582533061504e-02
3.957162427832372487e-02
3.313611328485421836e-02
5.677336239023134112e-02
4.710306695778854191e-02
4.317558143520727754e-02
5.178598768543452024e-02
3.288077414617873728e-02
5.798075484926812351e-02
4.462500914814881980e-02
5.733692939975298941e-02
8.127529220655560493e-02
3.447010589297860861e-02
5.107334980857558548e-02
5.066491325851529837e-02
3.455862420378252864e-02
4.892687476240098476e-02
2.623826687340624630e-02
3.248874915880151093e-02
4.097085050307214260e-02
4.386263396008871496e-02
3.095706205931492150e-02
2.183464478002861142e-02
2.981862294836901128e-02
7.150349151925183833e-02
5.385538924019783735e-02
4.442870986531488597e-02
3.462112534907646477e-02
4.342261975398287177e-02
3.125311914482153952e-02
4.022678078035824001e-02
3.201489421189762652e-02
5.924555062665604055e-02
2.705208455154206604e-02
3.671379125444218516e-02
1.079847906366921961e-01
1.236736561986617744e-02
6.925047174445353448e-02
3.462077360018156469e-02
4.422184385475702584e-02
3.600003279279917479e-02
2.550236089155077934e-02
2.989548270124942064e-02
4.474287445191293955e-02
3.815061738714575768e-02
4.037448993767611682e-02
4.625495884101837873e-02
