4.308145914375782013e+02
2.122655082345008850e+02
1.851246211081743240e+02
1.655444815605878830e+02
1.275979186743497849e+02
1.033538586124777794e+02
8.449272670596837997e+01
6.832813356257975101e+01
6.365855072811245918e+01
5.595643056184053421e+01
4.843229601904749870e+01
4.668422944843769073e+01
3.885002214927226305e+01
3.944502682611346245e+01
3.617257844517007470e+01
3.455321610812097788e+01
3.420505505800247192e+01
3.229845954198390245e+01
2.990568421129137278e+01
2.922809055726975203e+01
2.703034418565221131e+01
3.100903321476653218e+01
2.654846907174214721e+01
3.337853467208333313e+01
3.022251143958419561e+01
2.271183407772332430e+01
2.788328416133299470e+01
2.296431565866805613e+01
2.058216312876902521e+01
1.893808389140758663e+01
2.014917907654307783e+01
2.040016650984762236e+01
2.174538365798071027e+01
1.897542294452432543e+01
1.950273451395332813e+01
1.866323746368288994e+01
1.808270969428122044e+01
1.869837066228501499e+01
1.886214785254560411e+01
3.552937713870778680e+01
1.399811682873405516e+01
1.187712246991577558e+01
1.953232876441325061e+01
2.053572437306866050e+01
1.236288795567816123e+01
1.186377751699183136e+01
1.330632007551321294e+01
1.378186055077821948e+01
1.275860094648669474e+01
1.451190232048975304e+01
1.600490201852517202e+01
1.553439259389415383e+01
1.226371946517610922e+01
1.203154430180438794e+01
1.319762691191863269e+01
1.380607124819653109e+01
1.252421172120375559e+01
1.318636405968572944e+01
1.300177620344038587e+01
1.247531950066331774e+01
1.041176794513012283e+01
1.210036535220569931e+01
1.174037706776289269e+01
1.101738284004386514e+01
1.152328636879974511e+01
1.052873146269121207e+01
1.107489374524448067e+01
1.289223287385539152e+01
8.603179180208826438e+00
1.173772855352581246e+01
9.022180882297107019e+00
1.141885488224215806e+01
8.973532988398801535e+00
1.018805550126126036e+01
1.205567187492852099e+01
9.144532559206709266e+00
9.166919162904378027e+00
9.641324510826962069e+00
8.557706335690454580e+00
7.709769820896326564e+00
8.153291862283367664e+00
1.016138763815979473e+01
8.054287805294734426e+00
9.340319891372928396e+00
7.818947860767366365e+00
7.416457928353338502e+00
6.839680591729120351e+00
8.170004322018940002e+00
7.256334932622849010e+00
8.373299907485488802e+00
6.752199138783907983e+00
7.173193135720794089e+00
7.071319157301331870e+00
7.832742860024154652e+00
6.299075989350967575e+00
7.433175834041321650e+00
7.537084991257870570e+00
5.949399280376383103e+00
6.874663400834833737e+00
6.323009016457945108e+00
