1.035280641615390778e+02
6.337967933714389801e+01
5.000621036440134048e+01
3.903480006754398346e+01
3.067462678253650665e+01
2.518155806511640549e+01
2.192323238402605057e+01
2.051919282972812653e+01
1.818854074180126190e+01
1.527382760681211948e+01
1.551315281540155411e+01
1.580338115245103836e+01
1.477550293691456318e+01
1.290410038176923990e+01
1.109865160752087831e+01
1.313456781581044197e+01
1.259680044185370207e+01
1.055824182322248816e+01
1.273983002780005336e+01
1.078701747488230467e+01
1.032718625757843256e+01
1.210925429966300726e+01
1.042396797519177198e+01
1.279692219477146864e+01
9.524271241389214993e+00
1.395945396833121777e+01
8.969487108290195465e+00
1.010438116081058979e+01
9.646768881939351559e+00
8.374034032225608826e+00
8.959925185656175017e+00
1.326874749548733234e+01
7.942539595067501068e+00
6.543736777966842055e+00
6.368404944427311420e+00
8.799968753010034561e+00
6.567592882551252842e+00
7.671177421696484089e+00
7.850246864836663008e+00
6.656804037978872657e+00
6.555845957715064287e+00
9.347647618269547820e+00
6.606355853960849345e+00
5.757900947239249945e+00
5.434042383683845401e+00
5.650985265383496881e+00
8.170707822777330875e+00
6.292724783183075488e+00
4.543975745444186032e+00
5.136312898321193643e+00
7.498355470946989954e+00
6.024277424206957221e+00
5.358389355242252350e+00
5.117699513386469334e+00
5.951193145476281643e+00
4.619530199561268091e+00
3.616887290030717850e+00
5.984127211209852248e+00
5.933222656953148544e+00
6.405142148665618151e+00
5.784577725687995553e+00
4.089752724103163928e+00
3.425983623485080898e+00
3.077224656415637583e+00
2.904661650420166552e+00
2.806822665690560825e+00
4.203914050536695868e+00
4.974520476418547332e+00
9.244523213594220579e+00
3.064027396438177675e+00
4.894207095028832555e+00
2.683139358196058311e+00
3.094924157368950546e+00
2.698306782694999129e+00
5.074879265681374818e+00
2.357074344006832689e+00
3.810808813883340918e+00
2.903082659002393484e+00
2.445687322149751708e+00
2.833568434638436884e+00
2.606366617168532684e+00
1.862213244658050826e+00
3.866347185918129981e+00
4.334489059387124144e+00
1.668252898511127569e+00
2.693854757977533154e+00
3.503172028926201165e+00
2.301132421445799991e+00
2.153174947212391999e+00
1.388061049292446114e+00
3.673545514939178247e+00
2.502959824705612846e+00
2.848456581850768998e+00
2.598162136040627956e+00
1.465544066488291719e+00
1.638841318757840781e+00
2.503754211342311464e+00
2.741966080124257132e+00
3.279508720617741346e+00
2.102583776228129864e+00
