6.028103876113891602e+01
4.068440842628479004e+01
2.157231128215789795e+01
8.660638749599456787e+00
3.015217989683151245e+00
1.270739592611789703e+00
8.748849816620349884e-01
7.576911710202693939e-01
5.348716992884874344e-01
3.583662901073694229e-01
5.167221128940582275e-01
4.058138392865657806e-01
3.328663026914000511e-01
4.645074121654033661e-01
3.082626471295952797e-01
3.309142813086509705e-01
3.160810107365250587e-01
3.501127199269831181e-01
2.717536799609661102e-01
2.864657090976834297e-01
2.719484861008822918e-01
2.930188504979014397e-01
2.171281771734356880e-01
2.722878949716687202e-01
3.529202290810644627e-01
3.064017090946435928e-01
2.277489709667861462e-01
2.210955615155398846e-01
2.084842198528349400e-01
2.704753309953957796e-01
2.947423537261784077e-01
2.768858824856579304e-01
2.458260194398462772e-01
1.948832897469401360e-01
2.654252732172608376e-01
1.742436415515840054e-01
1.632338841445744038e-01
1.418564091436564922e-01
2.255445937626063824e-01
1.551537248305976391e-01
2.021888489834964275e-01
2.601641588844358921e-01
1.949963560327887535e-01
1.540926045272499323e-01
1.692661421839147806e-01
2.172214842867106199e-01
2.183254344854503870e-01
1.362530332989990711e-01
1.619113087654113770e-01
2.009193075355142355e-01
2.014789716340601444e-01
1.715457092504948378e-01
1.778998279478400946e-01
2.063337040599435568e-01
1.394022107124328613e-01
1.555364000378176570e-01
2.104582742322236300e-01
1.535318299429491162e-01
1.635094771627336740e-01
1.268821285339072347e-01
1.321658028755337000e-01
1.359445628477260470e-01
1.441033559385687113e-01
1.034565006848424673e-01
1.635181481251493096e-01
2.304846898186951876e-01
1.960587738431058824e-01
1.767329272115603089e-01
1.399058470269665122e-01
1.658981008222326636e-01
1.655556185869500041e-01
1.901725934585556388e-01
1.480959581676870584e-01
1.622428118716925383e-01
1.611245443345978856e-01
1.453983980463817716e-01
1.389905444229952991e-01
1.718275404418818653e-01
1.645488721551373601e-01
1.407273125369101763e-01
1.933110137470066547e-01
1.425910443067550659e-01
1.481792757404036820e-01
1.625884386012330651e-01
1.480000231531448662e-01
1.208281093859113753e-01
1.398554079351015389e-01
1.213413238292559981e-01
1.079647643491625786e-01
1.362174157984554768e-01
1.352683437289670110e-01
1.193351492984220386e-01
1.458429090562276542e-01
1.676865827757865191e-01
1.781023153453134000e-01
1.375672408612444997e-01
1.493828434031456709e-01
1.464185493532568216e-01
1.278790055075660348e-01
1.705494028865359724e-01
1.223557366174645722e-01
1.440445131738670170e-01
1.531430183677002788e-01
1.320428081671707332e-01
1.485177406575530767e-01
1.023795809596776962e-01
1.092897119233384728e-01
1.204916065325960517e-01
1.320091197558213025e-01
1.409301514504477382e-01
1.366195796290412545e-01
1.301456636865623295e-01
1.515549133182503283e-01
1.466753117274492979e-01
1.607524481369182467e-01
1.385721370461396873e-01
1.315940499771386385e-01
1.274328043800778687e-01
1.564374156878329813e-01
1.275120055652223527e-01
1.145401358953677118e-01
1.274417779641225934e-01
1.346566688735038042e-01
1.185780208325013518e-01
1.367995165055617690e-01
1.424312415765598416e-01
1.201452874229289591e-01
1.491023887647315860e-01
1.156371929682791233e-01
1.456026991363614798e-01
1.222896302351728082e-01
1.491067881579510868e-01
1.413934822194278240e-01
1.165142613463103771e-01
1.264631006342824548e-01
1.222827502060681581e-01
1.536519492510706186e-01
1.231683201331179589e-01
1.444123703404329717e-01
1.354239343781955540e-01
1.204067518119700253e-01
1.396664023632183671e-01
1.213722426909953356e-01
1.356631796807050705e-01
1.451870488817803562e-01
1.522982395254075527e-01
1.430142179597169161e-01
1.632296602765563875e-01
1.889002698590047657e-01
1.493818249728064984e-01
1.185084197204560041e-01
1.171768651402089745e-01
1.045186329283751547e-01
1.105790841393172741e-01
1.317979831947013736e-01
1.107792157563380897e-01
1.072687876585405320e-01
1.312621157558169216e-01
1.082762774894945323e-01
1.340296945418231189e-01
1.106553836143575609e-01
1.443395399837754667e-01
1.315458973404020071e-01
1.137168845161795616e-01
1.384396269859280437e-01
1.342760906554758549e-01
1.440009328362066299e-01
1.348532057309057564e-01
1.041554844123311341e-01
1.108633067342452705e-01
1.420594603696372360e-01
1.660533545073121786e-01
1.203021386172622442e-01
1.419002453621942550e-01
1.132419677742291242e-01
1.177719770057592541e-01
1.271483158343471587e-01
1.563410465896595269e-01
1.485954034724272788e-01
1.302068674413021654e-01
1.156964193505700678e-01
1.355451499985065311e-01
1.218215590633917600e-01
1.285380504850763828e-01
1.217514818999916315e-01
1.402959344559349120e-01
9.805571156903170049e-02
1.305332508927676827e-01
1.079044812940992415e-01
1.274021387798711658e-01
1.335041726706549525e-01
1.289764830871718004e-01
1.138900314981583506e-01
1.395877541654044762e-01
1.391390693170251325e-01
1.533415142330341041e-01
1.072187135287094861e-01
1.499295390385668725e-01
1.157194907136727124e-01
1.521509090671315789e-01
