1.753295645117759705e+02
1.368514222502708435e+02
1.199204518795013428e+02
9.782393351197242737e+01
7.828026823699474335e+01
5.983066244423389435e+01
4.740275074541568756e+01
4.023090508580207825e+01
3.523579365201294422e+01
2.918834097124636173e+01
2.562842457927763462e+01
2.408290168829262257e+01
2.112379364389926195e+01
2.114549750275909901e+01
2.003624465130269527e+01
1.909735266771167517e+01
1.631782033015042543e+01
1.858286841120570898e+01
1.863718107156455517e+01
1.580037620617076755e+01
1.534831046359613538e+01
1.504378917906433344e+01
1.554272287478670478e+01
1.423227067617699504e+01
1.330934237642213702e+01
1.440711385849863291e+01
1.303405226767063141e+01
1.258185632270760834e+01
1.164378344360738993e+01
1.186206221929751337e+01
1.273016098560765386e+01
1.221806194889359176e+01
9.862474527442827821e+00
1.269305949495173991e+01
1.117055981815792620e+01
9.565956376260146499e+00
1.127733189403079450e+01
9.927450168179348111e+00
7.840507041895762086e+00
1.215031176188495010e+01
7.536355028976686299e+00
8.800505326653365046e+00
9.464167536934837699e+00
7.858467098791152239e+00
9.388147407444193959e+00
8.929245001287199557e+00
8.629204129218123853e+00
6.002459159528370947e+00
9.019782909716013819e+00
6.165993942791828886e+00
7.231126278755255044e+00
7.500583579327212647e+00
6.507368544873315841e+00
7.233397947216872126e+00
6.323632678366266191e+00
6.457500523887574673e+00
6.562343340425286442e+00
6.380985731258988380e+00
7.286789028323255479e+00
5.894560864981031045e+00
5.838079539011232555e+00
5.061512007290730253e+00
5.703221778792794794e+00
7.430694598180707544e+00
4.318387737221200950e+00
5.404642477689776570e+00
5.427672430349048227e+00
5.007322859572013840e+00
5.523052971417200752e+00
5.009077994036488235e+00
4.445075639057904482e+00
5.218323087421595119e+00
4.619614611277938820e+00
4.607598307069565635e+00
3.334168336172297131e+00
5.491861393318686169e+00
5.766501385704032145e+00
5.425408730137860402e+00
4.534012113246717490e+00
4.567140947765437886e+00
4.959367222822038457e+00
3.435554810945177451e+00
3.890159319867962040e+00
4.037922730269201566e+00
4.099370544849080034e+00
3.809534196312597487e+00
4.413886388152604923e+00
4.136057224313844927e+00
3.240460059038014151e+00
4.452000270015560091e+00
9.225539863982703537e+00
4.191775242376024835e+00
3.954319616132124793e+00
3.978132980118971318e+00
3.095097653131233528e+00
2.744428394587885123e+00
3.437373158987611532e+00
2.930550218239659443e+00
3.190503506259119604e+00
3.302492566734144930e+00
3.333067598781781271e+00
2.527404766326071694e+00
4.707835312903625891e+00
3.822005619673291221e+00
4.734324731703964062e+00
3.102449648984475061e+00
2.386361405562638538e+00
2.071438547276557074e+00
4.054461230443848763e+00
4.302822275851212908e+00
2.650208136336004827e+00
3.632204931316664442e+00
4.998880757339065894e+00
2.407340320096409414e+00
2.203755105398158776e+00
4.776181919405644294e+00
4.217782985942903906e+00
2.772355670953402296e+00
2.273571824875034508e+00
1.579183417260537681e+00
3.093537771339470055e+00
2.600953729641332757e+00
3.760052584009827115e+00
3.231114802954834886e+00
2.961876602210395504e+00
1.842622937821943196e+00
2.984942518842217396e+00
2.071736808107743855e+00
3.010789347154059215e+00
2.832397079688234953e+00
3.447410804699757136e+00
3.181555637667770498e+00
2.519824794173473492e+00
3.460673470282927155e+00
1.435662652960672858e+00
2.277964873086602893e+00
2.409785553167239414e+00
3.887364298600004986e+00
2.807619237028120551e+00
2.216290218104404630e+00
3.144872209377354011e+00
2.131024824768246617e+00
2.162351357455918333e+00
2.789452615865229745e+00
3.319202281389152631e+00
1.681609274451147940e+00
1.928273163058292994e+00
3.512282583640626399e+00
3.432898516566638136e+00
2.072254727321706014e+00
1.377618319716930273e+00
2.696376618405338377e+00
2.696377856442268239e+00
2.930919109932801803e+00
2.276486291300898301e+00
3.123705004996736534e+00
1.881258211313252104e+00
1.065531018076399050e+00
3.243960372557921801e+00
2.053418716586747905e+00
1.814249162421219808e+00
2.666921135401935317e+00
2.813493486388324527e+00
1.309635024754243204e+00
3.053566805118407501e+00
1.954426623280596687e+00
1.722713280474636122e+00
2.505341793657862581e+00
2.002236260888821562e+00
2.810077006462961435e+00
2.502439898293232545e+00
1.687002198883419624e+00
2.876705115977529204e+00
1.964057617900834884e+00
2.471274904721212806e+00
2.193179825828337925e+00
3.224014051564154215e+00
2.126572178574861027e+00
1.965464065357082291e+00
1.294623489993227849e+00
2.587839355127471208e+00
1.975946032418505638e+00
1.983895850555200013e+00
1.604152825947494421e+00
2.166936756017548760e+00
1.507180111380876042e+00
1.516558650409933762e+00
2.339472202143952018e+00
1.873238705354651756e+00
2.973039080363378162e+00
2.460162479019345483e+00
1.262260649807330992e+00
3.355286654424617154e+00
1.979966429356863955e+00
1.233201603778525168e+00
7.077376081203965441e-01
2.347103062442783994e+00
5.259784095473150956e+00
2.350644913723954232e+00
2.130122645897245093e+00
