3.245479077249765396e+02
1.095323163233697414e+02
8.110047276690602303e+01
6.027847723476588726e+01
5.380535428039729595e+01
4.659869062528014183e+01
4.300088311336003244e+01
3.380905834422446787e+01
3.054107411624863744e+01
2.922312196774873883e+01
2.435263584263157099e+01
2.026763836329337209e+01
2.120537104946561158e+01
2.135471213760320097e+01
1.939773373526986688e+01
1.673758917290251702e+01
1.538405330758541822e+01
1.387961719397571869e+01
1.712862322613364086e+01
1.297589308608439751e+01
1.354177879501366988e+01
1.351813603215850890e+01
1.066461638965847669e+01
1.276056875899666920e+01
1.190193807480682153e+01
1.035197629877075087e+01
8.055281984212342650e+00
1.023177145692898193e+01
1.044189776731946040e+01
8.659365013387287036e+00
8.280017257668077946e+00
8.878918696107575670e+00
9.017152165444713319e+00
8.556592931199702434e+00
5.252798391544274637e+00
7.457430377806304023e+00
1.019255452901052195e+01
8.158758744051738176e+00
7.747655158236739226e+00
8.692506921463063918e+00
6.395564080095937243e+00
5.502997353312821360e+00
7.294086216417781543e+00
4.515103652558536851e+00
4.956822710458254733e+00
8.380372574240027461e+00
7.584055221857852302e+00
2.958882492494012695e+00
5.728844565601320937e+00
7.431008386574831093e+00
5.743854992072556342e+00
5.439787790644913912e+00
6.825596969250909751e+00
5.183115557280871144e+00
5.180357242297759512e+00
2.263548934462050966e+00
9.826682226939738030e+00
2.527808924449345795e+00
3.275475642332821735e+00
6.980784184051117336e+00
3.119478033816449170e+00
5.321228554725166759e+00
4.735248060436788364e+00
3.341620790939487051e+00
9.175896522174298298e+00
3.551489552190105314e+00
2.168629759169107274e+00
1.280928134118994421e+00
7.896586972643717672e+00
3.780124180201710260e+00
2.117619564629876550e+00
3.389687869601630155e+00
5.797665558590779256e+00
6.100271847242765944e+00
3.067150749781831109e+00
3.662912542023150309e+00
2.081091221904785016e+00
1.737095023962751839e+00
6.704637822016991322e+00
5.434691165524782264e+00
3.808354675878035778e+00
3.425172335696061054e+00
2.166360521180195065e+00
4.755844238625286380e+00
2.698196365729927493e+00
1.171522477515850369e+00
5.842607196616881993e+00
2.958734745191577531e+00
2.210085426044997803e+00
2.292958307926028283e+00
2.749134462269694268e+00
5.556195622982613713e+00
4.933876448962109862e+00
1.435530521671296356e+00
3.439213228427888680e+00
2.154157885104723391e+00
5.415159124093008813e+00
2.696714063737999822e+00
6.602058745601652845e+00
1.070327781480500562e+00
3.342175795499315427e+00
2.871193705670293639e+00
4.087695542160872719e+00
2.841628685368732476e+00
9.138136788329802584e-01
2.392245602965843432e+00
3.327004971648193532e+00
3.126255079364511857e+00
3.403391070091402071e+00
1.676649537398702705e+00
3.610435468300238426e+00
2.250609398508458980e+00
1.200484534904120437e-01
4.999410549149274630e-01
3.973568428628595939e+00
6.160376824442664656e+00
1.759551393733602254e+00
2.321502358438920055e+00
4.592791832337809410e+00
2.429298345665984016e+00
1.955244559087532252e+00
9.264412116613129911e-01
8.310392975203910737e-01
5.218165480333482265e+00
2.431284379117755634e+00
9.683401353399858635e-01
6.459729859077327774e-01
2.993692790378275959e+00
2.286658072983385637e+00
4.469707880381747600e+00
1.032635661507640634e+00
2.220952763134945940e+00
2.032444003326588700e+00
2.140133472836168949e+00
2.289581127171118169e+00
7.406888730110949837e-01
3.139848280848781314e+00
1.081154740296881300e+00
2.110174358664380634e+00
3.129484433537058408e+00
3.253984378464281235e+00
3.334137855450251209e+00
1.528438944396611987e+00
1.139637865625530821e+00
4.223411248821307140e-01
4.075050761940367750e+00
2.868959296843968332e+00
3.483578851557808775e+00
2.684125672396817208e+00
3.241821626026251124e-01
6.888400125748361802e-01
2.322626516099660421e+00
1.311777674281216832e+00
3.617352858772846957e+00
2.642546769703017162e+00
5.751644811549851966e-01
2.310277740379731881e+00
1.500985828626085095e+00
1.084991223591671883e+00
5.748683131945426794e+00
1.117173823489864048e+00
1.225210805851901341e+00
8.016479842710282355e-01
2.452641277512782381e+00
7.847822245940534458e-01
2.132045726100741945e+00
2.284430105516605636e+00
3.272269089561547162e+00
1.930822785485702298e+00
1.513469263305552204e+00
1.295512972581207123e+00
4.913958433206744303e-01
1.686620566444133829e+00
2.039246250640104563e+00
3.355513257650841297e+00
1.944939468427946849e+00
8.107448430125714367e-01
3.190911968207501559e+00
1.258049292348005110e+00
9.016102578386266941e-01
1.346852129259787034e+00
6.750297735699462010e-01
1.555045521162519151e+00
2.458692178873832290e+00
2.886437191591539886e+00
1.534665654215132236e+00
7.356423631255353257e-01
3.581230727246289547e-01
3.966793487189676171e+00
1.257435568980440621e+00
2.802756818964894592e+00
1.558029612282325616e+00
7.040473288844850686e-01
2.690434810333670157e+00
1.859373203246803996e+00
1.740256179426523886e+00
5.688117510482015859e-01
1.338739941585323834e+00
1.170746328163971839e-01
1.415811519191816359e-01
