2.266995413899421692e+02
1.789522796869277954e+02
1.532870620936155319e+02
1.264216451197862625e+02
1.000826546624302864e+02
8.167229625582695007e+01
6.543975241854786873e+01
5.393732400611042976e+01
4.635169299505650997e+01
4.206112466007471085e+01
3.829947888851165771e+01
3.713652236759662628e+01
3.307500126957893372e+01
3.049843744095414877e+01
3.182534878049045801e+01
2.720468604518100619e+01
2.517753046611323953e+01
2.682606889121234417e+01
2.413122282573021948e+01
2.518150048749521375e+01
2.336688774824142456e+01
2.228984082909300923e+01
2.054821974155493081e+01
2.018501945491880178e+01
2.019708614191040397e+01
1.779928690567612648e+01
1.998250409332104027e+01
1.851647164579480886e+01
1.971826398628763855e+01
1.570705086062662303e+01
1.686340517899952829e+01
1.685551415639929473e+01
1.723928527662064880e+01
1.590989943104796112e+01
1.578722011251375079e+01
1.487295847828499973e+01
1.390813933708705008e+01
1.626997178193414584e+01
1.266862507851328701e+01
1.382702613301808015e+01
1.456513069471111521e+01
1.585977647884283215e+01
1.289349424710962921e+01
1.291234283434459940e+01
1.679979037330485880e+01
1.192026696051470935e+01
1.340369507521972992e+01
1.154669611575081944e+01
1.226467051508370787e+01
1.176846494700293988e+01
1.064642964559607208e+01
1.110622936201980338e+01
1.101453787903301418e+01
1.056428239069646224e+01
9.702504046261310577e+00
1.201912653510225937e+01
1.047538235929096118e+01
9.325913993685389869e+00
8.595092673262115568e+00
1.066620742448139936e+01
9.343471762142144144e+00
9.409950939589180052e+00
8.726739327918039635e+00
8.991078997554723173e+00
7.637774607632309198e+00
8.818714306820766069e+00
9.982496007971349172e+00
8.919620219792705029e+00
7.637744803010718897e+00
7.950661001232219860e+00
6.912035789740912151e+00
8.367392158848815598e+00
7.115053493864252232e+00
7.530915369366994128e+00
7.694581469710101373e+00
7.414093974977731705e+00
7.974157444063166622e+00
7.076070668495958671e+00
6.133509198261890560e+00
5.915197292270022444e+00
5.846978219982702285e+00
7.207186951600306202e+00
7.418890720582567155e+00
6.061998026620130986e+00
6.864746870283852331e+00
6.022551663489139173e+00
6.332237987473490648e+00
6.585724878459586762e+00
1.016863612239831127e+01
4.674335440879076486e+00
3.793622528766718460e+00
5.609609353114137775e+00
5.756408834371541161e+00
5.556122235022485256e+00
4.155978424321801867e+00
9.805523440598335583e+00
5.397826348991657142e+00
4.274111178427119739e+00
6.098534760254551657e+00
4.197752236348605948e+00
