1.063261763155460358e+02
6.690961621701717377e+01
5.200551006197929382e+01
3.809586624056100845e+01
3.152308100834488869e+01
2.701896576583385468e+01
2.323355672508478165e+01
1.934405975975096226e+01
1.879839969426393509e+01
1.714516188390552998e+01
1.538603348657488823e+01
1.629943984933197498e+01
1.391648107673972845e+01
1.485290431417524815e+01
1.086811978556215763e+01
1.262105597928166389e+01
1.287813414866104722e+01
1.185577044775709510e+01
1.211525797424837947e+01
1.153452693996950984e+01
1.230593694048002362e+01
9.814670573221519589e+00
1.068317100103013217e+01
9.016767676919698715e+00
1.114970265002921224e+01
1.038623593724332750e+01
9.540925098583102226e+00
8.599590503843501210e+00
8.629887633840553463e+00
9.148681316291913390e+00
8.422502827132120728e+00
8.699819951318204403e+00
9.005394559819251299e+00
8.921671884134411812e+00
7.973991683218628168e+00
7.439792525139637291e+00
6.708848435431718826e+00
7.296393410942982882e+00
8.046316622581798583e+00
8.170598930213600397e+00
6.007161710818763822e+00
7.688109209528192878e+00
1.031866211164742708e+01
8.153745552990585566e+00
5.749914794054348022e+00
5.587708088249200955e+00
6.374818830285221338e+00
5.885599973378702998e+00
5.283357554115355015e+00
6.018130656622815877e+00
4.773764858138747513e+00
5.611955687054432929e+00
4.581789241696242243e+00
4.282195382897043601e+00
4.436363960034213960e+00
5.754464098601602018e+00
4.858272271056193858e+00
3.989045135414926335e+00
4.241931345866760239e+00
4.650142178878013510e+00
4.993934527621604502e+00
3.426925499312346801e+00
3.919204759498825297e+00
4.479278321843594313e+00
4.235800553229637444e+00
3.719049055216601118e+00
3.690120641913381405e+00
4.163309677911456674e+00
3.724650437216041610e+00
4.155064701626542956e+00
3.381773105837055482e+00
1.985517616463766899e+00
1.863769299765408505e+00
4.050488898545154370e+00
3.567222118974314071e+00
4.057794762658886611e+00
3.657461454975418746e+00
2.906709217772004195e+00
1.197157975354639348e+01
7.277484928490594029e+00
3.275327839917736128e+00
2.394987993757240474e+00
1.993436687233042903e+00
2.659535549522843212e+00
1.951572217527427711e+00
2.387465875846828567e+00
2.746904954590718262e+00
3.621296286815777421e+00
2.496456928078259807e+00
2.575256376716424711e+00
2.139364216964168008e+00
3.256915111196576618e+00
2.037475888217159081e+00
2.091306472910218872e+00
2.093013717239955440e+00
1.805134924677986419e+00
2.371438643853252870e+00
1.071517629659501836e+01
7.810303107136860490e+00
2.902855434193043038e+00
1.852805199108843226e+00
2.055438098206650466e+00
1.654149738566047745e+00
2.731056235883443151e+00
2.280065810278756544e+00
2.904646153976500500e+00
2.446277161550824530e+00
3.492811251737293787e+00
1.443546394140867051e+00
1.638265539502754109e+00
1.437923537054302869e+00
1.740836028620833531e+00
4.295986102297320031e+00
2.177764630614547059e+00
1.281902356757200323e+00
9.795386634377791779e-01
2.388077978546789382e+00
1.592297308841807535e+00
2.399578961671068100e+00
2.229612222934520105e+00
1.667314427813835209e+00
1.224935609123349423e+00
1.778504297817562474e+00
1.191473549959482625e+00
2.113907506391115021e+00
2.830751364264870062e+00
2.330040294724312844e+00
2.751895075474749319e+00
1.882958690002851654e+00
1.976340742894535651e+00
8.113453597106854431e-01
1.995231452234293101e+00
1.802226673211407615e+00
1.356419580362853594e+00
1.363005701881775167e+00
1.533977793937083334e+00
4.430636882665567100e+00
1.237761148164281622e+00
7.549719312592060305e-01
2.224249387381860288e+00
1.151907571955234744e+00
9.734527505033838679e-01
9.810549342510057613e-01
2.342886030686713639e+00
2.266248265870672185e+00
1.884332381618150976e+00
2.402929848118219525e+00
9.911170466803014278e-01
4.970411350826907437e+00
2.812548786154366098e+00
8.301888816058635712e-01
4.269788460987911094e-01
6.626158381495770300e-01
7.636931129927688744e-01
2.813149208886898123e-01
2.438738802782154380e-01
5.466362492502412351e-01
1.685599733384151477e+00
1.410596535828517517e+00
1.228278744348244800e+00
1.150405574169781175e+00
1.181656900422240142e+00
5.993740458598040277e-01
8.843253891809581546e-01
1.081327565672836499e+00
2.310564638142750482e+00
1.126233287044669851e+00
6.759003360252791026e-01
3.631735751987434924e-01
1.331736431083754724e+00
1.387451307205992634e+00
1.451870832072017947e+00
9.548349298720495426e-01
1.274441499536806077e+00
1.348047718487578095e+00
5.207440567017329158e+00
3.092498526457347907e+00
1.515307006284274394e+00
1.327713922153634485e+00
6.703163866750401212e-01
5.805104384553487762e-01
1.242317862981508370e+00
1.846696371430880390e+00
3.148686257893132279e+00
1.181460578824044205e+00
3.539008517964248313e-01
4.040314993462743587e-01
1.187230891869148763e-01
8.156750014072713384e-01
1.011646583999208815e+00
1.269336085868417285e+00
4.889011353870955645e-01
5.153586621936483425e-01
5.876240629177118535e-01
1.340732874841705780e+00
1.376711679617073969e+00
5.935212119102288852e-01
3.427096423656621482e-01
9.310714502339578758e-02
2.331080710451715277e+00
