2.102845847606658936e+01
5.045790091156959534e+00
1.849605429917573929e+00
2.004478052258491516e+00
2.201447516679763794e+00
1.496869657188653946e+00
1.221606394276022911e+00
1.025145227089524269e+00
1.617828171700239182e+00
9.784527104347944260e-01
9.926142506301403046e-01
1.209758214652538300e+00
4.483238970860838890e-01
8.470006631687283516e-01
4.804685125127434731e-01
5.138927875086665154e-01
2.145852955058217049e+00
9.187404941767454147e-01
1.355586297810077667e+00
7.723452178761363029e-01
1.023643367923796177e+00
7.989260992035269737e-01
7.152562979608774185e-01
7.951783151365816593e-01
7.289304519072175026e-01
6.922310991212725639e-01
1.119861593935638666e+00
6.781137976795434952e-01
4.299250510521233082e-01
1.644908261951059103e-01
2.047490091063082218e-01
2.955411088187247515e-01
1.999296597205102444e-01
9.394503759685903788e-01
2.896579816006124020e-01
3.059360696934163570e-01
2.963084224611520767e-01
1.538542044116184115e+00
7.771115042269229889e-01
9.097219873219728470e-01
1.921791015192866325e-01
3.396289446391165257e-01
3.379056612029671669e-01
2.571873574052006006e-01
1.781017711618915200e-01
1.124890141654759645e-01
4.081624501850455999e-02
7.191455655265599489e-02
6.549942109268158674e-02
1.750602441607043147e-01
4.231641883961856365e-02
2.110815186752006412e-01
1.046419315389357507e-01
2.540271141333505511e-02
4.281571303727105260e-02
2.082969859475269914e-02
1.664435043931007385e-01
3.214906179346144199e-02
4.946910310536623001e-02
1.608216634485870600e-02
1.565098890569061041e-02
2.247022779192775488e-02
1.555065641878172755e-02
1.360061444574967027e-02
1.153854301082901657e-02
1.277072002412751317e-01
1.485855446662753820e-02
3.813921945402398705e-02
1.283074065577238798e-01
1.610750940744765103e-02
8.885610935976728797e-03
9.009634159156121314e-02
1.343277140404097736e-02
8.506164740538224578e-03
1.788906287401914597e-02
1.524036019691266119e-02
1.676034857518970966e-02
8.593154343543574214e-03
2.135513612302020192e-02
6.834703410277143121e-03
8.231524936854839325e-02
4.577693270402960479e-02
3.268535708775743842e-02
6.103229176369495690e-02
1.140908506931737065e-02
5.497257043316494673e-02
4.215991182718425989e-02
2.464396888972260058e-01
3.066297952318564057e-02
2.171033458143938333e-01
6.811332446523010731e-02
2.883806801401078701e-02
3.406795451883226633e-02
1.056698604952543974e-02
4.783161138766445220e-02
5.379852678743191063e-02
1.002783782314509153e-01
1.697332042676862329e-01
2.829725715564563870e-01
2.368754427880048752e-01
3.579534881282597780e-01
3.551522208726964891e-01
9.833542708074674010e-01
1.126547718246001750e+00
4.236174963880330324e-01
6.547524884808808565e-01
6.555198831483721733e-01
4.897361444309353828e-01
6.564524150453507900e-01
2.282402793061919510e-01
2.477779752807691693e-01
3.372565599274821579e-01
1.279749609529972076e+00
3.314066754246596247e-01
3.789886104641482234e-01
3.414071864681318402e-01
2.738006780855357647e-01
3.618024932220578194e-01
2.114794845692813396e-01
1.537186987698078156e-01
2.869934256887063384e-02
3.050163574516773224e-02
1.434581458743195981e-01
4.180732587701641023e-02
3.641943450202234089e-02
1.553885010071098804e-02
4.953100708371493965e-02
1.050806673883926123e-01
3.862536355154588819e-02
3.112567026109900326e-01
1.436479023541323841e-01
1.706742361420765519e-02
2.488941414048895240e-02
7.170303910970687866e-02
3.675676538841798902e-02
7.751077297143638134e-03
3.602360538206994534e-02
5.295732732338365167e-02
1.072598822065629065e-02
1.004522992298007011e-02
5.876374396029859781e-02
2.668140458990819752e-02
1.137559444759972394e-02
1.025606194161809981e-02
1.510150672547752038e-01
1.783073689148295671e-02
1.664675898791756481e-02
6.917107240587938577e-02
8.172804395144339651e-02
1.194068751647137105e-01
1.160210594098316506e-01
5.140507896430790424e-02
9.683357205358333886e-02
2.885112311923876405e-02
1.781501933874096721e-02
4.295994847780093551e-02
1.294046167749911547e-01
1.482890150509774685e-02
1.037174441444221884e-02
1.860036926518660039e-02
9.109498806355986744e-02
2.234261010016780347e-02
9.736845255247317255e-03
2.252701368706766516e-02
1.406728890360682271e-01
2.843898466380778700e-03
1.033973538724239916e-01
6.893276843766216189e-02
3.098472094279713929e-03
4.998369025997817516e-03
5.276765390590298921e-03
8.273365868080873042e-02
2.711964312402415089e-01
2.315958765393588692e-01
2.185049835243262351e-01
2.477162392169702798e-01
6.806917171925306320e-01
1.394497603760100901e-01
5.121221818262711167e-02
4.040094455995131284e-01
6.218255542917177081e-01
7.468871454184409231e-01
3.339003309374675155e-01
3.279906499665230513e-01
2.122154437238350511e-01
8.011664859368465841e-01
1.494714583968743682e-01
2.722650642972439528e-01
1.400830635684542358e-01
1.134994334715884179e-01
1.693106768798315898e-01
3.765591792762279510e-02
1.568160077440552413e-01
1.230850049178116024e-01
3.495754820178262889e-01
2.266855364432558417e-01
3.060268422123044729e-01
3.496215979102998972e-01
3.039866889012046158e-01
7.688399348990060389e-02
