2.305200463533401489e+01
6.332678340375423431e+00
5.074316807091236115e+00
3.692055828869342804e+00
2.991681262850761414e+00
2.304608006030321121e+00
2.184007339179515839e+00
1.541043221950531006e+00
1.375078175216913223e+00
7.081295643001794815e-01
9.449955960735678673e-01
1.116029964759945869e+00
1.740317272022366524e+00
1.126091867685317993e+00
1.087605131324380636e+00
5.871896990574896336e-01
1.177770816255360842e+00
9.780804570764303207e-01
6.961242142133414745e-01
8.951241318136453629e-01
1.303628745954483747e+00
1.400047983508557081e+00
1.339142349548637867e+00
4.857736486010253429e-01
5.233726378064602613e-01
3.893219029996544123e-01
4.081530366092920303e-01
4.678439537528902292e-01
6.135606502648442984e-01
1.128167724935337901e+00
6.051337013486772776e-01
1.125164346070960164e+00
7.613947784993797541e-01
1.021941570099443197e+00
8.342105923220515251e-01
6.711660709697753191e-01
7.465935787186026573e-01
5.360779173206537962e-01
6.765903902705758810e-01
5.024803954875096679e-01
5.736377458088099957e-01
6.247525629005394876e-01
2.546938495943322778e-01
3.875762439565733075e-01
3.946390376659110188e-01
3.106014223303645849e-01
1.364926355017814785e-01
3.817246091784909368e-01
2.340463715954683721e-01
1.542378406738862395e-01
2.011270518414676189e-01
1.501051582163199782e-01
2.716515956853982061e-01
2.543634882022161037e-01
1.943558933271560818e-01
1.525704207597300410e-01
3.810118365945527330e-01
1.656463773397263139e-01
3.470397132041398436e-01
2.323211393086239696e-01
2.096783030428923666e-01
4.332925484632141888e-01
1.056525356834754348e-01
2.553266655304469168e-01
1.091744304867461324e-01
2.284406024846248329e-01
2.653438989364076406e-01
4.317164511885493994e-01
9.719080178183503449e-02
3.119002160092350096e-01
3.700445844733621925e-01
2.681609711144119501e-01
3.553041667692014016e-01
1.224812434811610729e-01
1.276073279150296003e-01
1.535430489311693236e-01
2.174211181991267949e-01
1.644536125677404925e-01
1.688042623136425391e-01
6.407491817662958056e-02
4.299217787629459053e-01
1.994891450303839520e-01
3.946299769595498219e-01
1.541760191699722782e+00
2.344034858047962189e+00
1.588230202905833721e+00
1.504262717440724373e+00
1.055849997326731682e+00
2.088755805976688862e+00
2.340949874371290207e+00
1.033228748477995396e+00
1.107010223902761936e+00
8.051725137047469616e-01
5.078374755103141069e-01
2.606651367386803031e-01
4.400992484879679978e-01
1.949019609601236880e-01
3.252991146873682737e-01
1.780834311502985656e-01
1.214367615466471761e-01
1.335617839067708701e-01
2.631927266193088144e-01
1.672632115369196981e-01
3.646446101192850620e-01
2.936096217599697411e-01
1.821910408616531640e-01
2.194320134003646672e-01
4.358731986139900982e-01
3.728015332599170506e-01
3.311109610949642956e-01
3.220614239107817411e-01
5.032495831546839327e-01
4.244281686260364950e-01
3.959979397477582097e-01
4.156143119325861335e-01
4.070890534785576165e-01
1.816690029518213123e-01
1.883775286987656727e-01
3.841205422359053046e-01
1.141908897669054568e+00
7.016786320600658655e-01
9.785597883164882660e-01
4.389032046310603619e-01
6.698014510329812765e-01
7.819721981650218368e-01
2.615191300865262747e-01
3.226712269242852926e-01
1.873820835608057678e-01
3.002675710595212877e-01
3.289068910526111722e-01
1.156502159137744457e-01
1.858319031307473779e-01
1.085654759954195470e-01
2.397011304783518426e-01
2.760442991057061590e-01
2.062457779975375161e-01
3.222124487656401470e-01
2.489240717550273985e-01
3.345580911554861814e-01
1.630466790084028617e-01
1.756653208067291416e-01
2.564858677360462025e-01
3.243737269949633628e-01
4.267199187888763845e-01
1.926660786848515272e-01
3.355477557925041765e-01
2.290867064584745094e-01
1.300655963132157922e-01
1.989742959849536419e-01
6.188745666877366602e-01
7.489163849968463182e-01
6.687466133153066039e-01
7.728338725864887238e-01
7.833719088812358677e-01
3.870980111532844603e-01
4.137038936605677009e-01
6.531514920643530786e-01
4.190497461531776935e-01
5.823894431814551353e-01
3.277423669787822291e-01
3.812712195795029402e-01
6.837098685209639370e-01
5.072600185521878302e-01
5.595428025699220598e-01
2.619171840633498505e-01
6.429261921439319849e-01
3.898272694787010550e-01
8.110070828697644174e-01
3.905049765016883612e-01
2.147715794853866100e-01
3.635746671643573791e-01
1.260987901478074491e-01
4.438583994924556464e-01
2.522533074952661991e-01
3.193939917109673843e-01
1.438715304102515802e-01
3.808506097702775151e-01
3.478606764983851463e-01
1.343166318984003738e-01
3.822803072544047609e-01
1.293989532859995961e-01
3.895298385759815574e-02
1.967223640240263194e-01
1.595818187197437510e-01
1.539677237306023017e-01
1.299122471536975354e-01
5.881827174598583952e-01
1.963092311343643814e-01
1.710286349116358906e-01
2.624402679502964020e-01
1.807246745665906928e-01
1.440992400748655200e-01
2.539167723734863102e-01
3.110215536726173013e-01
1.557837480431771837e-01
2.309971765789669007e-01
1.282368712563766167e-01
1.876091407102649100e-01
1.923074307123897597e-01
4.240640749485464767e-01
