1.261547613143920898e+02
8.566169881820678711e+01
5.441520571708679199e+01
2.934109628200531006e+01
1.386787754297256470e+01
5.970222003757953644e+00
2.345894880592823029e+00
1.194323204457759857e+00
5.896296054124832153e-01
4.465809212997555733e-01
5.637542987242341042e-01
6.451914263889193535e-01
2.452894104644656181e-01
2.484144608024507761e-01
2.833475421648472548e-01
3.212951417081058025e-01
2.935644825920462608e-01
1.978209312073886395e-01
2.954909820109605789e-01
7.239963235333561897e-01
6.727488953620195389e-01
4.370667187031358480e-01
2.604609015397727489e-01
1.985625235829502344e-01
1.082473837304860353e-01
1.183240885147824883e-01
2.000528436619788408e-01
1.099681574851274490e-01
1.272723017027601600e-01
1.528555939439684153e-01
7.018422085093334317e-02
9.007414930965751410e-02
1.426703315228223801e-01
2.863573865033686161e-01
9.370888903504237533e-02
4.154806019505485892e-02
9.449247887823730707e-02
1.704702083952724934e-02
2.385625231545418501e-02
4.151428508339449763e-02
1.532327017048373818e-01
2.404994600219652057e-01
7.756549061741679907e-02
1.661772269289940596e-01
8.997918431996367872e-01
6.614757798379287124e-01
1.395165621768683195e+00
1.730449874885380268e+00
1.652717404067516327e+00
3.015229098964482546e-01
3.067084229551255703e-01
1.110666237538680434e+00
7.019768038298934698e-01
4.981615094002336264e-01
2.268677242100238800e-01
1.968543154653161764e-01
5.007406161166727543e-02
1.426678054151125252e+00
9.080409640446305275e-01
2.566783875226974487e-01
1.887603709474205971e-01
1.360655083553865552e-01
7.378521165810525417e-02
4.337570723728276789e-01
3.747956211445853114e-01
7.848429364385083318e-01
3.760251867934130132e-01
3.246656209230422974e-01
2.137876764172688127e-01
3.171788675826974213e-01
7.473856759024783969e-01
3.876261799014173448e-01
2.486087048891931772e-01
2.824934024829417467e-01
8.284440927673131227e-02
2.441499276319518685e-01
6.583375518675893545e-02
4.358916258206591010e-02
1.299822044384200126e-01
2.274255952215753496e-01
1.627880198648199439e-01
1.716812942177057266e-01
9.173043386545032263e-02
1.066501371387857944e-01
1.357547827647067606e-01
5.121020961087197065e-01
1.260115214972756803e-01
5.319351445068605244e-01
2.770014781854115427e-01
2.649025917053222656e-01
7.974470016779378057e-02
6.756670842878520489e-02
1.880520723236259073e+00
2.579054690693737939e+00
1.888694284949451685e+00
4.684123869519680738e-01
5.843884502537548542e-01
1.332587507786229253e-01
1.000535089988261461e-01
1.141971446340903640e-01
