2.613640643423423171e+01
1.395315202418714762e+00
1.062343556899577379e+00
1.684202291944529861e-01
2.371796417282894254e-01
6.344765935355098918e-01
1.404589099402073771e+00
7.905911552370525897e-02
3.999214057694189250e-02
4.361240476282546297e-02
3.145187713380437344e-02
5.568851496354909614e-01
4.309648473674315028e+00
1.793072887056041509e+00
7.775527066405629739e-02
6.552751867711776868e-01
7.345739525408134796e-02
2.139891956903738901e-02
1.874736321406089701e-02
1.731687428400618955e-02
1.807100072619505227e-02
9.041915381967555732e-01
3.135135251068277285e-02
1.525300435241661035e-02
1.237228843638149556e-02
5.044554374035215005e-01
2.519988177664345130e-01
2.167456823917746078e-02
2.770765470995684154e-02
8.335879979313176591e-03
5.871654433576622978e-03
4.051628228808112908e-03
1.911248897795303492e-02
8.424111233362054918e-01
8.859782897779950872e-01
1.327309078060352476e-01
3.649026646799029550e-01
1.372151187351846602e-01
5.421999136797239771e-02
7.221457072319026338e-03
4.138562523621658329e-03
6.817642697428709653e-01
1.066013924682920333e+00
1.049871277264173841e-01
9.852421439063618891e-03
5.947772613126289798e-03
4.528758778178598732e-03
9.280709940503584221e-02
2.720396788774905872e-01
5.876003094272164162e-01
1.853462966537335888e-01
1.277686256876222615e-01
1.001103499584132805e-02
6.937775294318271335e-03
4.410829516473313561e-03
5.875307511587379850e-03
1.623838905743468786e-03
1.773466616214136593e-03
1.997676286691785208e-03
3.164997782164391538e-03
2.310420957883252413e-03
1.530624031033767096e-03
1.975850591861672001e-03
8.368575548729495495e-04
1.439859307367896690e-03
1.730975377029153606e-03
1.390895275335424230e-03
1.119042463045616387e-03
3.042831141328861122e-04
3.478182410390218138e-04
2.907596890509012155e-04
3.287610139750540839e-04
2.141468027900828019e-04
7.253549582060259127e-04
2.075681474309476471e-04
2.093904266189383634e-04
1.881022751035743568e-04
1.426619847393340024e-04
1.427011359567131876e-04
1.873828598348836749e-04
2.969492448698929365e-04
1.338873928773409716e-04
1.058563179441307511e-04
8.915590534286366164e-05
1.055973063728288253e-04
8.866280536778958776e-05
6.897686952100912094e-05
6.627152313143369611e-05
1.656037676056598684e-04
6.520274983046192574e-05
4.874136503829618050e-05
4.587287619628455104e-05
4.301175371779208945e-05
6.957912849614444895e-05
3.612400827712747287e-05
2.972767952424959503e-05
2.807740040822181982e-05
2.745150127658746442e-05
2.437439482694259141e-05
2.075723249017613625e-05
1.819425697480170356e-05
2.342427587720408155e-05
1.396982493950815751e-05
2.190060044204855672e-05
4.127810338605542029e-04
6.531340747151226367e-05
1.309065533372510970e-05
1.041590576278395019e-05
8.787950956046230999e-06
6.098298412249292255e-06
4.824249978163663855e-06
6.161105100016039948e-01
5.783499942091339108e-01
3.677835272202401029e-02
1.108044744005454163e-02
7.134260008774262474e-03
6.620357523696984714e-02
7.253353631447865268e-01
2.810902961705323833e-01
3.133945090506529141e-02
7.680754832669833831e-03
2.040726495451394840e-03
2.589548405317998458e-03
6.984542116494907305e-04
5.006337493114187964e-04
4.542778573792816132e-04
7.959105414130362988e-04
7.692847253508716676e-04
9.935118748529703225e-04
1.762801559017646014e-04
1.694669956728844795e-04
1.541329067478169890e-04
3.034404993691453001e-04
1.184489503249785969e-04
6.175566461834591792e-04
8.384093137570047816e-05
5.253273137295622064e-05
2.769039254140182038e-04
1.506257140881928080e-04
2.478790670701336296e-05
2.359382744481219873e-04
1.047261060529436349e-04
4.184478461688456719e-05
1.644286140518591566e-04
3.027984181480647408e-05
1.934149101634474732e-05
1.192633280697741327e-04
5.670756149922517864e-05
1.527670065515351894e-05
1.460262726782346476e-05
1.063182372740278936e-05
7.774652647229984836e-06
3.044465506141236233e-05
1.225559111217577879e-05
6.610569585197012543e-05
2.300233099394866088e-04
4.477773544175889242e-06
6.057295261374662232e-06
7.852717084144700266e-06
6.057196995978841869e-06
2.775337598404092887e-06
2.820038630613197483e-06
5.103611514511996461e-06
2.413983725135793179e-06
1.165626034738131978e-05
1.765786139529268439e-06
2.086159268221976504e-06
3.218634206936243913e-06
2.028247009690605118e+00
2.815910045121654548e-01
6.914048198882483121e-02
5.508584654165815664e-03
6.219408135507364932e-03
6.585453130298901669e-03
5.146142391682246853e-01
2.279746577505221694e-01
8.001274162211302610e-03
4.985245851713671073e-02
1.843929567226609834e-02
4.386443373505244381e-03
4.187266427678082437e-03
1.122577014911030346e-03
9.728761201994728935e-04
8.134003998190308948e-04
5.130799689041509737e-04
3.283587580806319295e+00
6.366801124386256561e-01
1.210411444526471314e-02
9.983306654582690953e-03
5.379908018866785824e-03
1.889647430488139435e-03
1.216245364892643011e-02
3.664293453045956994e-01
1.749906839895629673e-01
2.635277305175804941e-01
9.867736769592738710e-03
1.026605760046095384e-02
5.838546972597669082e-03
2.072106408822946833e-01
1.931169283761846600e-02
