6.027857514619827271e+02
8.696995614469051361e+01
7.611670076847076416e+01
6.814572919905185699e+01
6.191421473026275635e+01
5.694593361020088196e+01
5.371752240508794785e+01
4.613798914849758148e+01
4.248973598331212997e+01
3.769318033009767532e+01
3.383728261291980743e+01
3.278972567245364189e+01
3.098582613095641136e+01
2.632679121941328049e+01
2.529171901196241379e+01
2.224401917494833469e+01
2.209757683053612709e+01
2.220878508500754833e+01
1.794049326702952385e+01
1.941793600562959909e+01
1.836231297161430120e+01
1.768968552164733410e+01
1.915333687607198954e+01
1.744491843134164810e+01
1.634271878004074097e+01
1.726106787659227848e+01
1.476861706562340260e+01
1.397984653105959296e+01
1.406621789187192917e+01
1.477361169317737222e+01
1.428633849788457155e+01
1.358914335165172815e+01
1.367381899198517203e+01
1.358193957898765802e+01
1.347896271571516991e+01
1.218090519588440657e+01
1.288237749459221959e+01
1.208932600310072303e+01
1.317668583244085312e+01
1.140300095360726118e+01
1.277390811964869499e+01
1.198149841884151101e+01
1.113956164987757802e+01
1.013128593983128667e+01
9.264760214835405350e+00
1.033582832454703748e+01
1.133412519260309637e+01
1.030599382380023599e+01
8.895919929724186659e+00
1.155181133141741157e+01
1.037802974181249738e+01
8.448451020289212465e+00
9.158630603807978332e+00
8.459643835900351405e+00
9.356159039307385683e+00
8.707957678940147161e+00
8.972432821756228805e+00
8.250562653876841068e+00
9.363470545038580894e+00
8.873778836918063462e+00
8.723216474289074540e+00
8.422371614607982337e+00
8.597573010483756661e+00
7.442683808039873838e+00
8.110878601670265198e+00
6.886896464158780873e+00
7.603281299700029194e+00
7.517754642525687814e+00
8.436883382673840970e+00
6.765236936626024544e+00
8.899434016202576458e+00
7.104351968504488468e+00
6.704807201982475817e+00
6.775815797096583992e+00
7.324787483667023480e+00
6.422584420535713434e+00
5.692939881046186201e+00
7.482487507979385555e+00
6.942267761536641046e+00
6.315719471895135939e+00
6.069587087258696556e+00
5.528721245471388102e+00
5.605932572216261178e+00
6.672828692127950490e+00
6.325170403230004013e+00
6.506775634887162596e+00
5.799866156594362110e+00
6.558110466925427318e+00
5.871925721061415970e+00
5.310779538558563218e+00
6.364064902649261057e+00
6.478601426584646106e+00
4.919604743598029017e+00
5.167251748236594722e+00
5.965711972792632878e+00
4.582878129149321467e+00
5.805501133436337113e+00
5.176532512123230845e+00
5.003301897653727792e+00
5.220038815197767690e+00
4.572134248635848053e+00
4.725050216569798067e+00
5.154312166327144951e+00
4.695426351114292629e+00
5.608559566724579781e+00
4.654007626115344465e+00
4.509206436399836093e+00
4.955970578186679631e+00
4.339070809888653457e+00
4.308134421298746020e+00
5.338148163980804384e+00
5.062092999112792313e+00
3.871507260293583386e+00
4.153922219935338944e+00
5.975202460482250899e+00
4.824606217880500481e+00
4.352831688942387700e+00
4.420828220114344731e+00
4.004246631593559869e+00
4.280135921493638307e+00
3.737518258334603161e+00
3.964546223694924265e+00
3.319924923416692764e+00
3.905337686417624354e+00
4.401073544780956581e+00
3.768441808380885050e+00
4.436322086083237082e+00
3.808839026489295065e+00
4.214063674480712507e+00
3.441072126006474718e+00
3.982665124240156729e+00
4.084489586864947341e+00
4.737989739602198824e+00
4.277840726746944711e+00
3.617265811801189557e+00
2.688934602294466458e+00
2.709112913355056662e+00
3.921179717319319025e+00
3.731190271617379040e+00
3.233259102169540711e+00
4.042685660853749141e+00
4.359527376072946936e+00
3.376771055685821921e+00
2.765749126367154531e+00
3.266643511531583499e+00
2.987827143042522948e+00
3.272424142320232932e+00
3.119888577246456407e+00
4.058849852954153903e+00
2.842845180050062481e+00
3.320702154946047813e+00
2.907041252852650359e+00
2.885031852503743721e+00
4.063403905383893289e+00
3.047172142396448180e+00
4.404247356826090254e+00
3.010952811469906010e+00
2.961796228461025748e+00
2.895774934666405898e+00
2.519424354599323124e+00
3.316211796540301293e+00
3.293448228345368989e+00
3.065703015792678343e+00
2.916185213442076929e+00
2.912716540566179901e+00
2.485552564496174455e+00
2.231597411893744720e+00
3.317489548659068532e+00
3.241468944943335373e+00
2.894643249659566209e+00
2.313025402560015209e+00
2.821446633342929999e+00
2.984479442395240767e+00
3.190569578076974722e+00
2.251087671778805088e+00
2.410098104024655186e+00
2.803542587675110553e+00
3.066984871846216265e+00
2.546761595127463806e+00
2.184150046525246580e+00
2.952180793359730160e+00
2.430314947254373692e+00
3.165106805536197498e+00
1.937331206543603912e+00
2.546799689327599481e+00
2.187501662199792918e+00
2.739941171192185720e+00
2.731901955063221976e+00
2.250856012884469237e+00
2.497015628092412953e+00
2.976197117952324334e+00
1.590938999093850725e+00
1.683715557353025360e+00
3.145241631071257871e+00
2.980600822695123497e+00
1.920755667873891070e+00
2.378177898921421729e+00
2.584746532913413830e+00
2.712714183318894356e+00
3.286940837191650644e+00
