2.677212458252906799e+02
2.041835761070251465e+02
1.780023268014192581e+02
1.509431431293487549e+02
1.267510882392525673e+02
1.036508448421955109e+02
8.374971952289342880e+01
6.842775560915470123e+01
5.871215137653052807e+01
5.321909335814416409e+01
4.988051546365022659e+01
4.427323289029300213e+01
3.925049925455823541e+01
3.679991833679378033e+01
3.607926222868263721e+01
3.199022790370509028e+01
3.218986629135906696e+01
3.037836290290579200e+01
2.974544759001582861e+01
2.778575203008949757e+01
2.900998639315366745e+01
2.616362865129485726e+01
2.704683225275948644e+01
2.521200280275661498e+01
2.258163717866409570e+01
2.231561300600878894e+01
2.231951461883727461e+01
2.126253501209430397e+01
2.145304255001246929e+01
2.042727292259223759e+01
1.792338362126611173e+01
1.724024481588276103e+01
2.044849344319663942e+01
1.923639698652550578e+01
1.820506585994735360e+01
1.767934047128073871e+01
1.839531415194505826e+01
1.603364196931943297e+01
1.630154406512156129e+01
1.583607813605340198e+01
1.680035221821162850e+01
1.580587851512245834e+01
1.492633699055295438e+01
1.558642770629376173e+01
1.464248901867540553e+01
2.460725942940916866e+01
1.592409521690569818e+01
1.400523432443151250e+01
1.485376163414912298e+01
1.204781233168614563e+01
1.325037284244899638e+01
1.074345904213259928e+01
1.294377627212088555e+01
1.121696513304777909e+01
1.166008397270343266e+01
1.142130022827768698e+01
1.237473912477435078e+01
1.075133041909430176e+01
1.154297516887891106e+01
1.645582543965429068e+01
1.066286080110876355e+01
8.360176407062681392e+00
9.964574392273789272e+00
1.044389611959923059e+01
1.032961918442742899e+01
1.083399521734099835e+01
8.937548902031267062e+00
9.684179502102779225e+00
8.376045474724378437e+00
8.703241970943054184e+00
1.679840577003778890e+01
1.048744305776199326e+01
7.144770911545492709e+00
7.528005839634715812e+00
6.898685370957537089e+00
8.551642595368321054e+00
1.041623369253647979e+01
7.229195305510074832e+00
8.591385834661195986e+00
7.598628750973148271e+00
8.824831355057540350e+00
7.889888065954437479e+00
7.690321075089741498e+00
8.075336164620239288e+00
8.369107595230161678e+00
8.123893834090267774e+00
7.937136478576576337e+00
7.024551063732360490e+00
5.888102764220093377e+00
8.729994849520153366e+00
7.626627379293495324e+00
7.959212437519454397e+00
6.722702164428483229e+00
9.708531002484960482e+00
7.258247397898230702e+00
7.261702280506142415e+00
6.627016361722780857e+00
7.235197761321614962e+00
6.263734836633375380e+00
7.898177211478468962e+00
7.726578484107449185e+00
6.192630659323185682e+00
6.769206496770493686e+00
2.953331879307370400e+01
7.670035075134364888e+00
2.982165881054243073e+01
7.151485439673706423e+00
4.545750595978461206e+00
3.901275834043190116e+00
3.862767887636437081e+00
5.521930539849563502e+00
4.731901575727533782e+00
5.780011370516149327e+00
5.940184848077478819e+00
6.966638366786355618e+00
6.789335363493592013e+00
5.775702642487885896e+00
6.235643814114155248e+00
4.853209472978051053e+00
4.745113477696577320e+00
6.025625875568948686e+00
6.574154601708869450e+00
6.282240055224974640e+00
5.810120466238004155e+00
5.895781749080924783e+00
6.060683088553560083e+00
5.386423670272051822e+00
6.398049334959068801e+00
5.495459103291068459e+00
4.974022978101857007e+00
6.471655411925894441e+00
4.684785746228953940e+00
5.418175549311854411e+00
5.050701217487585382e+00
5.539987540942092892e+00
5.102200519944744883e+00
5.429169635748621658e+00
9.233011953230743529e+00
1.715505064534954727e+01
3.669083295069867745e+00
1.838320714094152208e+00
3.162377929044396296e+00
2.812631253553263377e+00
2.683199440813950787e+00
2.317892105385908508e+00
2.545444175770626316e+00
3.882904783710728225e+00
3.603647031213768059e+00
4.559368977075791918e+00
4.766605923627139418e+00
3.996008451213128865e+00
3.733373975257563870e+00
5.113824445488717174e+00
3.668667735071721836e+00
4.993284900361686596e+00
5.155005647444340866e+00
5.062910429645853583e+00
4.715597092143070768e+00
5.329644016790552996e+00
3.854388264775479911e+00
3.226052121759494185e+00
5.639566662981451373e+00
4.630114807310746983e+00
4.581616236898298666e+00
5.431673630881050485e+00
5.446280208052485250e+00
3.195464275198901305e+00
3.582381532854924444e+00
5.070321431388947531e+00
5.071382992508915777e+00
3.205674307613662677e+00
4.529976205724778993e+00
3.949135418814876175e+00
4.780651889083856076e+00
4.043587177120571141e+00
3.154914359590293316e+00
4.119156287847545173e+00
4.960097105344175361e+00
3.396348356760427123e+00
3.763323793173185550e+00
4.426270017789647682e+00
1.067657629271707265e+01
2.731028563277504873e+00
2.203235964821942616e+00
1.970593797592300689e+00
2.497723203905479750e+00
3.634969383070711046e+00
3.298622900010741432e+00
4.177713596447574673e+00
3.494039558372605825e+00
3.741469311122273211e+00
3.649230380679000518e+00
3.282331376213733165e+00
3.993334240420153947e+00
3.635456832267664140e+00
3.345953251951868879e+00
3.075326746581595216e+00
4.218410942514310591e+00
3.235329587069827539e+00
3.207896282759065798e+00
