1.631746830940246582e+02
9.144671630859375000e+01
4.753921723365783691e+01
1.901111197471618652e+01
5.614303380250930786e+00
2.205512475222349167e+00
1.206861369311809540e+00
1.552082397975027561e+00
1.288406799547374249e+00
1.233165367972105742e+00
1.015745557844638824e+00
1.144280172418802977e+00
1.060672135092318058e+00
9.829340763390064240e-01
6.856018162798136473e-01
5.159289175644516945e-01
6.667164113605394959e-01
1.389381241519004107e+00
1.000265594571828842e+00
7.748579503968358040e-01
5.202712421305477619e-01
3.431779003003612161e-01
3.511574285803362727e-01
2.690112061100080609e-01
1.365685512428171933e-01
2.447669677203521132e-01
1.252025070250965655e+00
1.816867243265733123e+00
1.145032050902955234e+00
4.100391578394919634e-01
5.015823907451704144e-01
2.362804809235967696e-01
3.629073238698765635e-01
9.541405726922675967e-01
6.377692223759368062e-01
8.578918700804933906e-01
7.399149345001205802e-01
8.269861147273331881e-01
1.265790703706443310e+00
1.048559787333942950e+00
6.903704796568490565e-01
1.135461557656526566e+00
1.498297005775384605e+00
8.110840643057599664e-01
7.388313426636159420e-01
4.918649952160194516e-01
6.989950715797021985e-01
2.568120124633423984e-01
1.483716700458899140e-01
1.320399652468040586e-01
7.227447154582478106e-02
1.133036736282519996e-01
2.993463294114917517e-02
1.190340271568857133e-02
1.547682716045528650e-02
7.454815515666268766e-02
3.228071154444478452e-02
2.709419286111369729e-02
5.427111024910118431e-01
2.772128684795461595e+00
1.453066750895231962e+00
1.022411683108657598e+00
3.098009969107806683e-01
3.388984791235998273e-01
4.624593610642477870e-01
1.195492294500581920e-01
6.289332185988314450e-01
1.194695551414042711e+00
6.613429193384945393e-01
6.678353241877630353e-01
4.755512600531801581e-01
1.886547813192009926e-01
4.027814268483780324e-01
1.339929050300270319e-01
1.107872720458544791e-01
1.831606775813270360e-01
9.000507494783960283e-02
1.026951540115987882e-01
2.646379434736445546e-02
4.854729328071698546e-01
6.631381507031619549e-01
1.813466661842539907e-01
5.586458113975822926e-02
4.561650092364288867e-02
3.271367884008213878e-02
1.358240420813672245e-02
9.014320829010102898e-02
1.007014153146883473e-01
3.792258523026248440e-02
2.328491126536391675e-02
2.751119525055401027e-02
5.752955893694888800e-02
2.495451672148192301e-01
4.936683293199166656e-01
9.635775287752039731e-01
6.840032674954272807e-01
1.713228573207743466e-01
2.908005931531079113e-01
9.336205755244009197e-02
3.450584278616588563e-01
