1.598884645998477936e+02
1.207369208484888077e+02
1.043729141950607300e+02
8.558495539426803589e+01
7.027268434315919876e+01
5.140510721504688263e+01
4.269253182783722878e+01
3.696458060666918755e+01
2.869820683822035789e+01
2.922977974079549313e+01
2.283666749671101570e+01
2.222198629193007946e+01
1.982927630282938480e+01
1.623632653150707483e+01
1.649765931908041239e+01
1.756315256003290415e+01
1.627513964008539915e+01
1.405621271952986717e+01
1.337623344571329653e+01
1.268464500084519386e+01
1.285096286772750318e+01
1.259137564292177558e+01
1.090249956818297505e+01
1.112944806413725019e+01
1.065608724649064243e+01
1.129272445896640420e+01
1.143021350586786866e+01
1.059316263091750443e+01
9.081320275319740176e+00
1.033019380504265428e+01
1.019911358819808811e+01
9.175374817103147507e+00
9.010631984099745750e+00
7.970855585765093565e+00
7.155878037912771106e+00
8.721901050303131342e+00
8.872985370224341750e+00
6.889981127227656543e+00
7.917796446476131678e+00
6.538825552037451416e+00
7.351122151303570718e+00
8.065315077430568635e+00
7.865694696782156825e+00
7.415192673797719181e+00
8.418452079757116735e+00
7.913206771190743893e+00
1.358530104439705610e+01
6.221428413671674207e+00
4.129054611839819700e+00
4.898696468444541097e+00
5.733207998069701716e+00
5.635315545951016247e+00
5.479647245578235015e+00
4.572890902229119092e+00
4.796691906783962622e+00
5.787715549056883901e+00
6.708223784749861807e+00
5.685791327559854835e+00
8.948686086107045412e+00
5.041056065238080919e+00
4.757635851652594283e+00
4.746288042922969908e+00
5.068467650155071169e+00
4.733663954946678132e+00
5.408222930273041129e+00
4.915540134301409125e+00
4.989755232905736193e+00
4.308427401701919734e+00
4.096930953557603061e+00
3.528460387256927788e+00
5.281812496454222128e+00
5.052803776663495228e+00
4.040876274113543332e+00
4.812727598735364154e+00
3.196938466746360064e+00
4.057672230352181941e+00
5.825195060227997601e+00
4.415853373415302485e+00
3.776420739275636151e+00
3.492433962717768736e+00
3.650661195846623741e+00
2.729252982855541632e+00
3.962310461618471891e+00
3.388169375473808032e+00
3.366546405413828325e+00
4.533615342457778752e+00
5.020238096185494214e+00
2.576694802410202101e+00
3.794467494750279002e+00
2.728338773493305780e+00
3.583407885555061512e+00
3.864188135456060991e+00
2.121681891654588981e+00
3.036985389888286591e+00
1.889433282303798478e+00
2.782684361423889641e+00
5.459718139325559605e+00
3.440678330487571657e+00
2.161762180287041701e+00
2.594460789412551094e+00
