1.582493563592433929e+02
1.198524294197559357e+02
1.020265013426542282e+02
8.390646700561046600e+01
6.594963073730468750e+01
5.471560132503509521e+01
4.467660841718316078e+01
3.432484322786331177e+01
2.942895661480724812e+01
2.630594404600560665e+01
2.313616203889250755e+01
1.909455937054008245e+01
1.997622619755566120e+01
1.885524589847773314e+01
1.621248913183808327e+01
1.637220572680234909e+01
1.425297075696289539e+01
1.374020832357928157e+01
1.480353604210540652e+01
1.434679416799917817e+01
1.179663557582534850e+01
1.359903570124879479e+01
1.125259493198245764e+01
1.441180412680841982e+01
1.621191461361013353e+01
1.057900108851026744e+01
9.102838657796382904e+00
1.016459892503917217e+01
7.972943475237116218e+00
8.040394355135504156e+00
8.046818047878332436e+00
9.495431968360207975e+00
9.949344353517517447e+00
1.143367841083090752e+01
7.625673191854730248e+00
8.357877845643088222e+00
8.816128225065767765e+00
7.931677360786125064e+00
8.026526794186793268e+00
9.638622547965496778e+00
7.223404448770452291e+00
7.792614165926352143e+00
5.676108705345541239e+00
8.105608035286422819e+00
6.961824153666384518e+00
5.599100649764295667e+00
7.351281246519647539e+00
4.979495837935246527e+00
7.733949272194877267e+00
7.380002483841963112e+00
8.415137491538189352e+00
5.175665740767726675e+00
5.459537976479623467e+00
5.379669112968258560e+00
5.699236734362784773e+00
6.929570360225625336e+00
5.224025402916595340e+00
5.686842081253416836e+00
3.927722761203767732e+00
6.109747089387383312e+00
7.094934379565529525e+00
4.908940027497010306e+00
5.115494903351645917e+00
6.550175851851236075e+00
4.677524202648783103e+00
4.451107460248749703e+00
3.660965296876383945e+00
4.915592665260192007e+00
4.654903057540650479e+00
5.182766793383052573e+00
4.013343917467864230e+00
3.504782258605700918e+00
5.107482717590755783e+00
7.808374515734612942e+00
4.771562618298048619e+00
4.454254474141635001e+00
2.626859240306657739e+00
4.077804568885767367e+00
7.571890920313308015e+00
4.152140962862176821e+00
2.697063650950440206e+00
2.969394948842818849e+00
2.854404842706571799e+00
4.629148634354351088e+00
3.674349833076121286e+00
4.487521840055705979e+00
4.038027995047741570e+00
3.397220285696676001e+00
3.322603530148626305e+00
5.622592715430073440e+00
3.139601165050407872e+00
3.623262147681089118e+00
3.125114038441097364e+00
3.614525090786628425e+00
2.833608842454850674e+00
3.673046637064544484e+00
4.201472555920190644e+00
2.399640959258249495e+00
3.417576191503030714e+00
2.977457691660674755e+00
