2.928564214706420898e+01
8.720689713954925537e+00
4.401477780193090439e+00
2.732140708714723587e+00
3.096822048537433147e+00
2.295891505666077137e+00
1.899405180476605892e+00
8.263120586052536964e-01
1.685420041671022773e+00
2.070311911404132843e+00
8.556392500177025795e-01
1.460235768696293235e+00
8.504515819950029254e-01
7.244936130009591579e-01
3.911006102571263909e-01
8.623089359607547522e-01
7.574015715508721769e-01
8.618402259889990091e-01
4.859569997061043978e-01
3.790345956804230809e-01
3.068897611810825765e-01
7.040467570186592638e-01
1.216381538892164826e+00
1.384058862808160484e+00
9.244361972669139504e-01
6.947163030854426324e-01
1.026725925155915320e+00
2.348239664454013109e+00
2.068177787121385336e+00
5.000373015645891428e-01
2.475955534609965980e-01
1.976891846279613674e-01
1.584860552102327347e-01
1.686991847236640751e-01
1.171700681006768718e-01
1.146112772403284907e-01
1.449420342687517405e-01
1.511837166617624462e-01
1.027934764133533463e-01
1.208063925587339327e-01
1.454009752342244610e-01
2.760525160410907120e-01
3.229930636080098338e-01
1.331034642760641873e+00
1.282195896026678383e+00
1.898812894010916352e+00
1.375010965391993523e+00
1.042828926583752036e+00
4.582558489637449384e-01
2.450489313632715493e-01
2.250090241141151637e-01
2.105336745153181255e-01
1.526382321681012399e-01
9.882053123146761209e-02
1.478074754559202120e-01
1.351384031659108587e-01
1.318322166771395132e-01
1.402025511342799291e-01
1.125721092248568311e-01
1.094824697138392366e-01
9.313371591997565702e-02
1.018642989329237025e-01
9.074356177006848156e-02
1.901128348399652168e-01
1.833755260668112896e-01
1.070588529946689960e-01
1.065874975756742060e-01
1.408884648262755945e-01
1.744050649431301281e-01
1.041811458635493182e-01
9.840508552952087484e-02
9.570479319518199190e-02
9.575878129544435069e-02
8.487546296964865178e-02
1.301684682584891561e-01
1.231238810323702637e-01
1.429253985152172390e-01
1.060174192807608051e-01
1.006089121292461641e-01
8.776022430902230553e-02
1.157445003482280299e-01
1.118598196699167602e-01
1.064521857333602384e-01
1.105358748463913798e-01
1.023593470072228229e-01
8.875499998612212949e-02
9.916544620136846788e-02
1.094784193373925518e-01
2.446862951364892069e-01
2.515635913710866589e+00
3.471505235880613327e+00
3.787801424041390419e+00
1.505305178929120302e+00
1.010837557609193027e+00
3.748391497501870617e-01
5.561949987604748458e-01
3.579028331441804767e-01
3.288192077889107168e-01
2.888732447172515094e-01
3.377879478211980313e-01
3.205737868847791106e-01
1.837136889953399077e-01
1.541828058761893772e-01
9.599432523464201950e-02
1.058560071032843553e-01
1.097609068274323363e-01
1.098095717970863916e-01
1.106418481867876835e-01
9.740984416021092329e-02
1.315495812214066973e-01
1.739610944159721839e-01
2.328983597399201244e-01
1.446280982600001153e-01
1.736242352126282640e-01
1.196594570646993816e-01
1.130695723713870393e-01
1.076442400317318970e-01
1.248137281763774808e-01
1.053911000471998705e-01
9.351848465485090856e-02
9.285773603915004060e-02
1.172212493747792905e-01
9.814586989432427799e-02
6.909552572415122995e-02
1.041464737809292274e-01
2.160288507111545186e-01
1.476326222982606851e-01
8.740963630316400668e-02
3.384793126451768330e-01
9.466410989407449961e-01
9.637072635377990082e-01
1.815089803159935400e+00
2.109130694065243006e+00
1.345062682637944818e+00
1.268513707502279431e+00
3.363774827448651195e-01
4.980085867573507130e-01
2.818605285428930074e-01
4.441633804526645690e-01
3.778091253479942679e-01
2.053680782955780160e-01
4.466132160450797528e-01
2.720288815908133984e-01
1.173709413415053859e-01
1.178496656320930924e-01
1.134456670370127540e-01
1.356560941640054807e-01
1.573628602163807955e-01
1.569395206861372571e-01
1.089121497279847972e-01
1.191659079759119777e-01
8.462546170449058991e-02
1.276640508331183810e-01
9.555394283415807877e-02
1.362242632403649623e-01
1.110932673618663102e-01
8.299511416043969803e-02
9.719050512467219960e-02
1.059958183450362412e-01
1.183957997336619883e-01
1.117951101778089651e-01
1.080266303433745634e-01
9.751946318829141092e-02
1.121047469441691646e-01
9.999439411694766022e-02
9.682662634168082150e-02
1.806194497976321145e-01
8.922689308928966057e-02
1.000687977266352391e-01
1.190029454610339599e-01
8.666415516381675843e-02
8.207225485875824234e-02
1.100146757162292488e-01
1.086743969926828868e-01
8.105751755920209689e-02
8.279602150287246332e-02
1.088540966784421471e-01
1.767190549580845982e-01
1.455820673581911251e+00
1.609531025984324515e+00
8.301735004642978311e-01
8.131628563860431314e-01
2.399395643587922677e-01
3.044672478499705903e-01
3.338837131086620502e-01
1.847023683658335358e-01
1.816574121767189354e-01
1.031039211760798935e+00
6.567005830002017319e-01
4.381691691814921796e-01
2.595845188916428015e-01
1.612150415021460503e-01
9.273870186007115990e-02
1.079005210540344706e-01
2.837377736923372140e-01
1.156565807308652438e+00
3.339506018674001098e-01
3.369321256104740314e-01
5.887494391354266554e-01
4.229950715089216828e-01
