2.888155765132978559e+01
2.195472580380737782e+00
1.771466098784003407e+00
4.588511238544015214e-01
9.103572219173656777e-01
3.429501399368746206e-01
3.235687001142650843e-01
1.758061945452936925e+00
1.152089236515166704e+00
1.479348772169032600e+00
1.054964430550171528e-01
1.940997304154734593e-02
1.528171420795843005e-02
4.545499559280870017e-01
1.784796186289895559e+00
4.322839479646063410e-01
5.191789285127015319e-01
3.014889544465404470e-02
6.893026147372438572e-01
1.946836076422187034e-02
3.578322008615941741e-01
3.692009829210292082e-01
7.154570339080237318e-01
5.888701805743039586e-01
4.741315753226444940e-01
7.969408810386084951e-01
1.182546207728591980e-01
6.160067988366790814e-02
5.078983178691487410e-03
4.141632813116302714e-03
2.624032445510238176e-03
2.235406225054248353e-03
1.265045201275597719e+00
4.127903301878177444e-02
5.216913394178845920e-03
4.660236379095294978e-03
8.221009168050841254e-02
6.921541628571503679e-03
1.891685713982269590e-01
6.340579860100206133e-01
3.462320733615342760e-01
1.066577412331980668e+00
8.975756085301327403e-01
1.309131616990271141e-01
1.034179018715803977e-01
8.023999301485673641e-03
5.669831297950622684e-03
2.214891468497626192e-03
3.912026822717962204e-03
2.372664300480664679e-03
3.354215062245202716e-01
2.481702340478477709e-01
1.535077803532658436e-02
2.835181225973428809e-01
2.730540006609771808e-01
1.017268583768782264e-02
6.473625090810628535e-01
1.947210783307582460e-01
8.933522179859210155e-03
2.355190019051178751e-02
3.583808636619778554e-03
2.003538236209578827e-03
1.590681646405300853e-03
2.306677853439964565e-03
9.213941164745165224e-04
6.794967182344180401e-04
6.359460053886323294e-04
4.646357204478590575e-04
3.699160235726139945e-04
6.883435463249583108e-01
5.488801855335623259e-03
2.956373494953368208e-03
5.620503549636168827e-03
1.628591966522208168e-03
1.173632550518277640e-03
7.024084591762402852e-04
7.556029298569910679e-04
5.438942554505388216e-04
1.349798829252790711e-03
5.135338547113121876e-04
8.310556738599927940e-04
3.314790965163183500e-04
3.417380706704165050e-03
3.313811055427606789e-03
1.305387592987102607e+00
6.785313184661845298e-02
1.641034576226729769e-02
4.682413135981278174e-03
2.779261597325444200e-03
1.435553136985845413e-03
1.130234533898423877e+00
3.573236816159806040e-01
1.092902577124732488e-02
6.497168867781510926e-03
1.121103068874163000e-02
1.011485619994800800e-02
2.110252673276136193e-03
4.573017439184923205e-03
3.281867623201151218e-03
9.529796177503158106e-04
8.447245174068029883e-04
5.350965546426778019e-04
3.672518748061293081e-04
6.111971447566588722e-04
3.924780375257341802e-04
6.495746041288441575e-04
1.749507687911489029e-04
4.032823882926805936e-04
1.565434224559680843e-04
1.480222672203268530e-04
1.404460795093598335e-04
1.307068915128439812e-04
8.003040403714578588e-05
7.808513592033605732e-05
7.802762693120968152e-05
7.978257706109381786e-05
5.896601578858629011e-05
5.348327859389101491e-05
9.070638145503018279e-05
4.435399674873607978e-05
5.379051807130608154e-05
2.215117610204764276e-05
3.340798497797337063e-05
2.510661001209335552e-05
7.931455083444796106e-01
1.384218979396223403e-02
6.315319025262056130e-03
1.621759578270598467e-03
2.179374640739695224e-03
1.607932106047371690e-03
3.095066155296422039e-03
1.445813274976615048e-03
6.270147637259526618e-04
1.503812921740532715e-02
9.739146736258419423e-04
5.165789515029217682e-04
9.349952398496341743e-04
7.028711024021916387e-04
1.710722227721284128e-04
1.072376657273999001e-04
7.248563691764076111e-05
7.959893464692946452e-05
6.937926280725648098e-05
8.318417847497094897e-05
5.364478136465455904e-03
8.957981869128772701e-04
8.788639829426792005e-05
7.304282216091806390e-05
6.319749277428066137e-05
6.460755013670826941e-05
1.122229478744962705e-04
3.067806055168098567e-05
3.865045237505526643e-05
2.442018131798562308e-05
1.942598101467574168e-05
2.000750703401443786e-05
1.391087908042543120e-05
5.685808152408071692e-01
1.027751303039474706e+00
7.067188649850209003e-02
1.093336020805537601e-01
1.600153160145620923e-01
2.062304518679325405e-02
1.314180139828646787e-03
1.162146511770689727e-02
1.482570036802854929e-03
7.884094865033830501e-04
5.571683907943381087e-04
5.465159736139924007e-04
3.460441299354410916e-04
8.130717180288016266e-04
3.067972126558959900e-03
3.226500697346423863e-04
3.489930130604612657e-04
1.083885076100798983e-04
1.537710539454284486e-04
2.535023360255017622e-04
3.385954820349645900e-04
2.418710629523701527e-04
8.005062526095230169e-05
1.159963868733182579e-04
4.935967709074340348e-05
4.585061680084656643e-05
5.610936913891251265e-05
3.789612405791231708e-05
6.706243332763595077e-04
4.452779786143779006e-04
1.079423711016769261e-04
4.522019420001299750e-04
9.593227677817672827e-05
2.189873090174820902e-05
4.537106034163684853e-05
9.240686039690970688e-06
1.173568278201031490e-05
1.204868198412256675e-05
1.047673098675261372e-05
5.263822304923948536e-06
5.286864817932723781e-06
5.111087536313618784e-06
2.141754035611675988e-05
