2.773307964298874140e+01
1.590387372183613479e+00
9.866879410692490637e-01
1.039788724156096578e+00
1.158659867563983425e+00
8.858238906541373581e-01
8.058364874159451574e-02
2.349711102215223946e-01
1.009514760371530429e-01
2.789946207558386959e-01
3.759612263464077841e+00
7.839175857297959737e-01
9.387064146285410970e-01
4.520138037478318438e-01
1.104210740893904585e+00
3.702618321040063165e-02
2.697793210973031819e-02
1.388476430292939767e-02
9.973917693059775047e-03
8.777550587183213793e-03
2.075107787823071703e-02
6.849944949863129295e-03
7.936329594485869166e-03
1.192654853730346076e-02
8.280987464786448982e-03
4.077621119904506486e-03
3.451336142461514100e-03
3.165442117278871592e-03
2.840909296082827495e-03
1.015543821658866364e-01
2.806111257497832412e+00
1.110492280873586424e+00
1.465535565876052715e-01
5.890838365667150356e-02
4.187751816061791033e-02
1.106247727389018110e-01
8.087498287122798502e-01
4.405280065184342675e-01
1.038347129001522262e-01
1.016471707493110443e+00
1.743263868856956833e-01
1.424827963546704268e-02
7.562740821867919294e-03
1.564190960289124632e-02
4.230915431503490254e-01
1.952936005618539639e-01
1.921661353935633088e-02
1.050757522948515543e-01
7.481547754650819115e-03
5.280674030227601179e-01
6.023137516790484369e-01
7.045670598508877447e-01
7.579275128136941930e-02
1.442320464775548317e-02
2.256064065477403346e-02
1.029539766216203134e-02
6.723623972106906876e-03
1.830087804933100415e-03
1.521119956294114672e-03
1.276007631929587660e-03
9.290153939787160198e-04
7.267098673423788568e-03
2.201886940980557483e-03
1.008067628561093443e-03
2.168423448337364334e-02
7.947542337900017628e-01
4.894038019201616407e-01
3.995140305261202229e-02
2.745802297472152986e-01
2.055546471387970087e-02
7.435600152427923604e-01
2.629878195875789970e-02
8.030393488297704607e-03
4.653773225982149597e-03
3.389219050063729810e-03
1.729729862177009636e-03
2.145277879321838554e-03
1.032699225035003110e-01
1.918741161335333345e-01
1.882493185017892756e-01
1.767390421714480908e-01
2.981791360234637978e-01
3.065043127548960911e-03
1.558263851973151759e-02
1.541863616660066327e-02
1.237374573236138531e-03
8.276529647469033080e-02
2.417537949497727823e-03
1.436004564226323055e-03
1.820702200404866744e-03
8.049704497921084112e-04
5.537549696015275913e-04
1.160217061766388724e-03
3.980362430695549847e-04
3.267830496014312303e-04
7.512089689498679945e-04
3.350225626661540446e-04
2.131238664375700864e-04
1.828514766657463042e-04
2.080390447076752025e-04
1.175944327798106315e-04
1.315955370628785204e-04
1.182984108680784630e-04
2.597926883396439734e-04
1.003983925755846940e-04
7.498170828945660560e-05
2.094583551134064692e+00
6.599605019453917976e-01
1.437993296650574848e-02
8.264602237147755659e-03
1.534041726571899744e-03
1.274882271445676452e-03
1.795402169975091056e-03
1.519588056581255842e-03
5.553876460453466279e-04
4.987645184684197375e-04
3.444428786849584867e-04
2.988292099104228328e-04
5.699917052979230903e-04
2.223316524485596801e-04
1.463725624972767037e-04
1.497234031813121646e-04
1.485526153750527101e-04
1.517982973950893211e-04
1.639036945730865114e-04
1.234912493788264953e-04
9.183525465950026501e-05
1.338186258745821533e-04
8.445320592320726405e-05
8.902414222067278615e-05
2.398894172124244051e-04
1.134330883114653687e-04
5.211981749764227345e-05
1.473780747176522965e-03
8.348865223539672087e-01
2.495002732375724008e-01
4.431179502716986462e-03
2.749175047483731760e-03
2.593493444237537915e-03
1.521999554924491349e-03
1.467187803261879253e+00
2.023655923378100852e+00
1.636019047123227210e-01
7.369681752834367217e-03
4.042580440909659956e-03
2.621952538390814880e-03
2.064080006107360532e-03
2.259026748532733109e-03
1.823452494107868915e-03
8.980600584607145720e-04
5.736674164182886670e-04
5.062276628677864210e-04
3.793349836911374950e-04
3.663194772940414623e-04
3.955781147126913311e-04
2.225192231328776415e-04
2.125821731624455424e-04
1.895982927422323883e-04
2.102192999871022039e-04
1.285622927920115899e-04
1.406372056251825597e-04
1.236968917979197613e-04
5.650149903053058864e-01
1.078190658904532029e-02
4.729003505360651616e-03
7.848034695712158282e-03
1.591663133609699798e-03
3.121996210225574941e-03
1.178948109085808937e-03
6.402680956085760045e-04
1.544965489301830530e-03
4.751385184391665462e-04
4.954487352506475872e-04
3.105415155602031518e-04
1.110986378201062053e-03
7.494962410081740245e-04
1.073997462590625673e-04
1.486964195862583438e-04
5.629651142555758270e-04
1.909098920567231517e-04
1.750367972608302125e-04
1.323100709473834513e-04
4.515278641847295660e-01
3.003067977460887050e-01
1.576754700877245341e-01
6.192517785848394851e-03
3.649943468415628445e-03
2.189898401923073834e-03
2.041163469584716950e-03
1.218680699508922771e-03
1.932708355099066466e-04
2.365546413951591376e-04
7.370792008085658154e-04
1.580217410914741549e-04
1.061735194767265966e-04
2.007138078798931247e-04
1.417810681552111873e-04
1.732038213464459631e-04
6.200251289811831157e-05
7.305158951220747099e-05
