2.132026112079620361e+01
4.286905445158481598e+00
2.884259305894374847e+00
1.885230593383312225e+00
2.338319193571805954e+00
1.054368086159229279e+00
2.436840608716011047e+00
1.428141873329877853e+00
1.377342136576771736e+00
1.961814636364579201e+00
7.070263251662254333e-01
1.020233681425452232e+00
7.052447190508246422e-01
3.223777702078223228e-01
6.723897410556674004e-01
7.430805368348956108e-01
4.172026356682181358e-01
6.451678448356688023e-01
9.665169119834899902e-01
9.189394908025860786e-01
5.555110704153776169e-01
1.134858066216111183e+00
4.512833505868911743e-01
3.897136743180453777e-01
5.909785828553140163e-01
6.072668782435357571e-01
1.049436155240982771e+00
4.755539596080780029e-01
5.409278091974556446e-01
2.514196529518812895e-01
7.811972508206963539e-01
3.927962579764425755e-01
2.101479733828455210e-01
4.026226270943880081e-01
1.302270297892391682e-01
2.078139039222151041e-01
1.115190712735056877e-01
2.798361998284235597e-01
6.103434937540441751e-02
4.162825091043487191e-02
4.644543863832950592e-02
2.759021229576319456e-02
1.014729909133166075e+00
7.975400325376540422e-01
8.234352848958224058e-01
3.806004484649747610e-01
4.184380020014941692e-01
1.939554713899269700e-01
8.494805661030113697e-02
1.250883790198713541e-01
1.814689746825024486e-01
4.676751571241766214e-02
1.349606910953298211e-01
7.144903938751667738e-02
5.017524585127830505e-02
2.116217854199931026e-02
2.644846984185278416e-01
3.470919339451938868e-01
3.177984793437644839e-01
9.767411486245691776e-02
7.972892210818827152e-02
1.291229068883694708e-01
8.224031032295897603e-02
5.301044089719653130e-02
2.679561561672016978e-02
2.856202720431610942e-02
1.556780342943966389e-01
1.315348906791768968e-02
6.588903645751997828e-02
3.841983879101462662e-02
1.141383034118916839e-01
1.124710764270275831e-01
1.551862113410606980e-02
1.140405234182253480e-01
3.091020687134005129e-02
3.126668618642725050e-02
1.307655146520119160e-01
1.210624307859688997e-01
4.098300085752271116e-01
2.940059426473453641e-01
4.779127993388101459e-01
4.178513311780989170e-01
3.917983553837984800e-01
2.392683906946331263e-01
2.554802623344585299e-01
6.008440477307885885e-01
2.002567591844126582e-01
2.752745865145698190e-01
6.795314664486795664e-02
1.727694527362473309e-01
3.141753291711211205e-01
7.689841307001188397e-02
2.048912621685303748e-01
1.870316427957732230e-01
2.504036382306367159e-01
4.024822119390591979e-02
4.194205231033265591e-02
1.537195116980001330e-01
9.259743540314957500e-02
1.862702638900373131e-01
1.289318667841143906e-02
8.212405433296225965e-01
4.262467988592106849e-01
1.875291055068373680e+00
5.292165130376815796e-01
5.640954313566908240e-01
1.131283334689214826e+00
1.192961501656100154e+00
6.663681091740727425e-01
3.898177691735327244e-01
3.994793337769806385e-01
3.100812297780066729e-01
8.733086104039102793e-01
1.349609598983079195e-01
4.488625889644026756e-01
3.222919466206803918e-01
1.846683897310867906e-01
1.099613800761289895e-01
8.828720782184973359e-02
3.809156513307243586e-02
3.438210254535079002e-02
3.491991577902808785e-02
1.697217678884044290e-02
1.917861582478508353e-02
1.958623950486071408e-02
1.360603785724379122e-02
1.045816464466042817e-02
2.824865504517219961e-01
8.714563812827691436e-02
7.881864515366032720e-02
2.045151323545724154e-02
1.616397866746410728e-02
1.958880070887971669e-01
2.382600106648169458e-02
3.213270087144337595e-02
9.263581602135673165e-02
8.666480891406536102e-03
9.447536217339802533e-02
9.568885172484442592e-03
1.691242629021871835e-01
2.925357845379039645e-02
7.560440659290179610e-03
1.472334720456274226e-01
1.395162337576039135e-02
1.046769828681135550e-01
7.323827862273901701e-02
3.067930189718026668e-02
5.518019679584540427e-03
1.634483307134360075e-02
1.198518255841918290e-02
1.343295662081800401e-02
5.005466999136842787e-03
1.189442556642461568e-01
1.079582981765270233e-02
3.442853398155421019e-03
1.338452652998967096e-02
2.083325436979066581e-02
2.941296130302362144e-03
1.006625584923312999e-01
9.228428418282419443e-03
9.306914660555776209e-03
5.564098231843672693e-03
6.016827304847538471e-03
2.289616815687622875e-03
5.843780512805096805e-03
7.215155863377731293e-02
8.657326739921700209e-02
4.937382637581322342e-02
5.510389852861408144e-02
3.277714395517250523e-02
3.868380877247545868e-02
1.372933387756347656e-02
1.415861278655938804e-02
3.571284752979408950e-03
9.304293445893563330e-03
5.005472325137816370e-03
1.319217602576827630e-02
2.886149508412927389e-03
1.382605163817061111e-01
2.641554303409066051e-03
7.059077173471450806e-02
3.958363602578174323e-03
2.223963427240960300e-03
2.824749847059138119e-02
1.844273773385793902e-01
1.573957604705356061e-02
5.777233996195718646e-02
5.069555830414174125e-02
5.822593061020597816e-02
6.787280488060787320e-02
4.536960084806196392e-02
1.150293461978435516e-02
1.826691560563631356e-02
1.648813358769984916e-01
1.116859324101824313e-01
1.852594024239806458e-02
5.380576499737799168e-02
6.732907266996335238e-02
5.087384307989850640e-02
3.090221872844267637e-02
