2.252928988933563232e+02
1.777474249899387360e+02
1.517843791991472244e+02
1.267216031551361084e+02
9.973846213519573212e+01
7.837534475326538086e+01
6.379788640141487122e+01
5.269574325531721115e+01
4.536830112896859646e+01
4.345915019884705544e+01
3.673335052002221346e+01
3.428832878451794386e+01
3.097897185944020748e+01
2.987770910654217005e+01
2.601403934787958860e+01
2.683716995501890779e+01
2.723466781433671713e+01
2.587756502884440124e+01
2.709576188959181309e+01
2.283463397435843945e+01
2.060252357379067689e+01
2.256848760531283915e+01
2.192959443526342511e+01
2.007839501718990505e+01
1.957292793830856681e+01
1.907863469806034118e+01
3.006955062225461006e+01
1.865058277617208660e+01
1.604236817429773510e+01
2.002909735357388854e+01
1.523201961518498138e+01
1.626809412636794150e+01
1.613043681439012289e+01
1.590722418774385005e+01
1.449098833854077384e+01
1.904731006780639291e+01
1.563889976835343987e+01
1.449705105624161661e+01
1.435503453086130321e+01
1.440473107207799330e+01
1.523743852082407102e+01
1.276421029100310989e+01
1.327110319663188420e+01
1.336041069685597904e+01
1.238087617093697190e+01
1.161175957985688001e+01
1.748788831837009639e+01
1.115568932285532355e+01
1.085742992314044386e+01
1.036386015564494301e+01
1.140506314637605101e+01
1.043815134812030010e+01
1.065925387415336445e+01
1.022270158489118330e+01
9.717933095147600397e+00
1.174321388898533769e+01
8.621575380762806162e+00
1.009575738749117590e+01
9.068362404243089259e+00
8.964714498782996088e+00
1.028207247769751120e+01
9.117758794687688351e+00
8.088026819110382348e+00
9.362104942585574463e+00
8.443523463734891266e+00
9.005030900523706805e+00
8.615073798602679744e+00
8.884865001775324345e+00
9.190598447559750639e+00
6.814685369026847184e+00
7.316684183140750974e+00
8.099329679476795718e+00
7.722907654970185831e+00
6.993156785742030479e+00
7.651119925678358413e+00
6.664588161598658189e+00
6.148099921789253131e+00
7.666491041716653854e+00
7.230419503233861178e+00
5.883082027394266333e+00
8.000641151840682141e+00
6.069460873492062092e+00
7.181048170146823395e+00
5.857158412181888707e+00
7.391512523216078989e+00
5.821276601222052705e+00
6.476082916953600943e+00
6.278942805554834194e+00
6.083090629290381912e+00
7.716911832074401900e+00
5.764762353624973912e+00
6.681327986218093429e+00
5.828662972337042447e+00
5.380009591885027476e+00
7.045788524981617229e+00
6.094178720668423921e+00
5.329136606116662733e+00
5.011446969663666096e+00
5.537549343687715009e+00
6.565930478122027125e+00
