9.025382885336875916e+01
6.096383471786975861e+01
4.718792524933815002e+01
3.740628698468208313e+01
3.015767088532447815e+01
2.498526696488261223e+01
1.980821048840880394e+01
1.783840871043503284e+01
1.840299471095204353e+01
1.520787363126873970e+01
1.598840418271720409e+01
1.318437093310058117e+01
1.226325681712478399e+01
1.266253303457051516e+01
1.122735385596752167e+01
1.121191619802266359e+01
1.184098033607006073e+01
9.781585777178406715e+00
1.000717463623732328e+01
1.298435629066079855e+01
1.110292940121144056e+01
1.176191808376461267e+01
1.173096066713333130e+01
8.731060093734413385e+00
6.658530497457832098e+00
8.340952300932258368e+00
1.018283100286498666e+01
8.436944841640070081e+00
7.700696595245972276e+00
6.796016425010748208e+00
9.512639129534363747e+00
9.885962356347590685e+00
7.272634210065007210e+00
7.356593797449022532e+00
8.761779483407735825e+00
5.913865296402946115e+00
6.008517316891811788e+00
7.240323730045929551e+00
6.045132063096389174e+00
6.227498250780627131e+00
6.994627091567963362e+00
6.346703099785372615e+00
1.077185922232456505e+01
5.573842481710016727e+00
5.713822090532630682e+00
4.903177133237477392e+00
6.017520642839372158e+00
1.062623100914061069e+01
5.553576446196530014e+00
4.373541634064167738e+00
3.813830586543190293e+00
3.997238043986726552e+00
4.756057574937585741e+00
8.535651341546326876e+00
3.220885223388904706e+00
3.243941406573867425e+00
3.400203941695508547e+00
7.121141493087634444e+00
1.334372570831328630e+01
6.518078177352435887e+00
3.278723085793899372e+00
3.459451861650450155e+00
2.379490210587391630e+00
2.374485882639419287e+00
3.188875274674501270e+00
4.155608699948061258e+00
2.461880219256272539e+00
2.665632039206684567e+00
3.526050836473586969e+00
4.458602266851812601e+00
3.526649021659977734e+00
2.860995488532353193e+00
3.213796130570699461e+00
2.997159145685145631e+00
4.586689773743273690e+00
7.320526153664104640e+00
3.169654167693806812e+00
2.021374454721808434e+00
2.807355564262252301e+00
3.050867886486230418e+00
2.292122897692024708e+00
2.682579903601435944e+00
2.965178344908053987e+00
2.868550445258733816e+00
2.699446417223953176e+00
3.287999482708983123e+00
3.510938807434285991e+00
3.295284368447028100e+00
2.236685506548383273e+00
1.420054704736685380e+00
3.916500367304251995e+00
7.701689725043252110e+00
4.863252796581946313e+00
2.972944901470327750e+00
1.630374959328037221e+00
3.203043547837296501e+00
2.137087888782843947e+00
1.789907316895551048e+00
1.956086395286547486e+00
1.332031171834387351e+00
