4.760932779312133789e+01
3.464970731735229492e+01
2.062654948234558105e+01
1.042925316095352173e+01
5.016198933124542236e+00
2.202170774340629578e+00
1.140119463205337524e+00
6.536653228104114532e-01
4.713075533509254456e-01
3.549017570912837982e-01
3.094496484845876694e-01
2.539259381592273712e-01
2.380448244512081146e-01
2.296842373907566071e-01
1.746959257870912552e-01
1.920089479535818100e-01
2.112605879083275795e-01
1.952196629717946053e-01
1.367519404739141464e-01
1.939634243026375771e-01
2.427228093147277832e-01
1.298506697639822960e-01
1.622775821015238762e-01
1.128373211249709129e-01
1.455123433843255043e-01
1.028135223314166069e-01
1.030550301074981689e-01
1.228324458934366703e-01
9.832562180235981941e-02
1.078630248084664345e-01
1.082989126443862915e-01
9.489271184429526329e-02
6.221906235441565514e-02
5.862651811912655830e-02
1.026237229816615582e-01
9.369568154215812683e-02
6.927422899752855301e-02
9.166147094219923019e-02
7.725186250172555447e-02
6.966673256829380989e-02
7.763617113232612610e-02
9.058380965143442154e-02
5.552725633606314659e-02
1.106660214718431234e-01
1.633275658823549747e-01
8.215066045522689819e-02
5.855637602508068085e-02
8.511751168407499790e-02
7.324750162661075592e-02
5.866349511779844761e-02
5.579396896064281464e-02
4.431160725653171539e-02
6.122391181997954845e-02
4.606269439682364464e-02
7.790281670168042183e-02
4.918375320266932249e-02
5.166011559776961803e-02
6.574950600042939186e-02
4.446928459219634533e-02
7.230844965670257807e-02
8.161757490597665310e-02
4.443180677480995655e-02
8.402640104759484529e-02
4.472767072729766369e-02
5.666366126388311386e-02
4.484414099715650082e-02
4.628434940241277218e-02
7.115540630184113979e-02
5.016594100743532181e-02
5.031905206851661205e-02
5.165876424871385098e-02
5.428915936499834061e-02
4.545595310628414154e-02
4.245913925115019083e-02
4.407891258597373962e-02
4.251263535115867853e-02
4.639677028171718121e-02
3.354619967285543680e-02
4.764424625318497419e-02
4.120797791983932257e-02
3.915753052569925785e-02
4.526792548131197691e-02
5.808497604448348284e-02
3.876852779649198055e-02
4.327483044471591711e-02
4.340838419739156961e-02
6.033798144198954105e-02
3.899799461942166090e-02
5.780172511003911495e-02
4.738969041500240564e-02
4.567518422845751047e-02
3.954513720236718655e-02
4.842189047485589981e-02
3.222803771495819092e-02
5.942620360292494297e-02
4.582499928073957562e-02
4.062718793284147978e-02
3.577700827736407518e-02
3.225501516135409474e-02
3.814884758321568370e-02
3.549626539461314678e-02
3.101146523840725422e-02
6.644639611477032304e-02
4.618527746060863137e-02
2.750708803068846464e-02
5.828722263686358929e-02
3.789681330090388656e-02
3.621275699697434902e-02
4.161639988888055086e-02
4.927212261827662587e-02
1.074140426935628057e-01
2.341168773127719760e-01
9.953448642045259476e-02
1.506796397734433413e-01
1.454987028846517205e-01
4.530763638904318213e-01
9.234566227532923222e-01
1.182843387126922607e+00
1.070302709937095642e+00
4.981936477124691010e-01
2.630321402102708817e-01
1.352942129597067833e-01
1.064732889644801617e-01
7.726162718608975410e-02
8.540986664593219757e-02
4.981698025949299335e-02
5.704641714692115784e-02
4.523221915587782860e-02
5.197726644109934568e-02
4.873012972529977560e-02
3.052249457687139511e-02
4.343104630243033171e-02
4.065847198944538832e-02
3.638921550009399652e-02
4.500444734003394842e-02
2.944957616273313761e-02
4.847471532411873341e-02
5.868375580757856369e-02
2.669426973443478346e-02
3.091623843647539616e-02
2.796572289662435651e-02
5.189170164521783590e-02
3.562740329653024673e-02
2.846761175896972418e-02
3.175183455459773540e-02
3.294610290322452784e-02
3.956782002933323383e-02
2.000476274406537414e-02
3.319365490460768342e-02
4.960329754976555705e-02
3.964354936033487320e-02
7.222888199612498283e-02
7.392924738815054297e-02
3.516378800850361586e-02
2.743420447222888470e-02
3.750459436560049653e-02
2.517953410279005766e-02
4.719122819369658828e-02
2.767818933352828026e-02
2.783760544843971729e-02
2.489650098141282797e-02
4.706828913185745478e-02
1.746921316953375936e-02
2.286204177653416991e-02
5.948009662097319961e-02
2.842363022500649095e-02
2.395703567890450358e-02
4.406696488149464130e-02
3.296676022000610828e-02
2.348292141687124968e-02
2.754532484686933458e-02
2.613989548990502954e-02
2.289564319653436542e-02
2.175976696889847517e-02
4.414512519724667072e-02
2.071719319792464375e-02
3.876694291830062866e-02
4.051955792238004506e-02
3.382780816173180938e-02
2.551222115289419889e-02
1.953366445377469063e-02
3.133575076935812831e-02
3.383291806676425040e-02
3.040614671772345901e-02
3.272189950803294778e-02
3.094195894664153457e-02
2.329032463603653014e-02
3.409711731364950538e-02
3.859262922196649015e-02
3.505929323728196323e-02
2.086047158809378743e-02
3.966061535174958408e-02
5.216664393083192408e-02
1.605181203922256827e-02
2.508876705542206764e-02
2.561384029104374349e-02
3.592052258318290114e-02
2.302902255905792117e-02
2.533909323392435908e-02
2.569928515003994107e-02
