8.648421716690063477e+01
4.601834368705749512e+01
1.737480884790420532e+01
6.645461693406105042e+00
3.070250347256660461e+00
1.786833964288234711e+00
1.089883144944906235e+00
1.195773638784885406e+00
8.945528268814086914e-01
6.463217828422784805e-01
8.298883680254220963e-01
1.133068086579442024e+00
1.100198309868574142e+00
6.244707535952329636e-01
4.712852220982313156e-01
3.571177963167428970e-01
3.308109883219003677e-01
3.127406812272965908e-01
2.762791607528924942e-01
2.210472333244979382e-01
1.733470950275659561e-01
1.878202748484909534e-01
2.611752371303737164e-01
2.047305209562182426e-01
4.590775868855416775e-01
5.274631278589367867e-01
6.832222081720829010e-01
1.023580481298267841e+00
1.411330385133624077e+00
1.669264649972319603e+00
1.044269081205129623e+00
4.912495678290724754e-01
4.723640573211014271e-01
4.440399282611906528e-01
8.321603396907448769e-01
1.333003344014286995e+00
8.017537649720907211e-01
9.000735729932785034e-01
6.497940886765718460e-01
4.608172667212784290e-01
3.502451507374644279e-01
3.245667822193354368e-01
2.414089380763471127e-01
1.181540836114436388e-01
1.567177448887377977e-01
1.316150312777608633e-01
1.498802363639697433e-01
7.988282496808096766e-02
1.214898850303143263e-01
1.272834454313851893e+00
6.839599166996777058e-01
4.919074024073779583e-01
1.896345047280192375e-01
3.021317597012966871e-01
1.653172567021101713e-01
8.191291720140725374e-02
9.318216156680136919e-02
1.342009211657568812e-01
1.529849042417481542e-01
2.403459953493438661e+00
2.978322861250489950e+00
1.152644706424325705e+00
1.173316162079572678e+00
7.226664097979664803e-01
3.055840865708887577e-01
4.064529365859925747e-01
2.591209178790450096e-01
1.423545801080763340e-01
1.300996463978663087e-01
8.517350605688989162e-02
1.339284960413351655e-01
4.221959568094462156e-01
4.269694633549079299e-01
6.139357644133269787e-01
2.467969605932012200e-01
2.644243995891883969e-01
1.388258147053420544e-01
9.232958208303898573e-02
5.024223607033491135e-01
1.370521931443363428e+00
2.721116714179515839e+00
1.013970425352454185e+00
7.787883062846958637e-01
2.815048494376242161e-01
3.347417693585157394e-01
1.991396623197942972e-01
1.446238249773159623e-01
1.017519927117973566e-01
3.609519614838063717e-01
2.975066534709185362e-01
2.240166033152490854e-01
1.785943147260695696e-01
2.161565233254805207e-01
1.343883436638861895e-01
1.542491629952564836e-01
5.195293392753228545e-01
1.383037364576011896e-01
3.423885786905884743e-01
7.025575893931090832e-02
9.887470270041376352e-02
7.908637030050158501e-02
1.583585911430418491e-01
9.554513089824467897e-02
4.172801968525163829e-02
1.153726025368086994e-01
8.423552208114415407e-02
5.591227434342727065e-02
1.449582434725016356e-01
6.253301526885479689e-02
7.392767071723937988e-02
5.751946937525644898e-01
3.814842805732041597e-01
2.048836792819201946e-01
1.075364990392699838e-01
1.583011072361841798e-01
1.120488121523521841e-01
6.076710199704393744e-02
9.691942180506885052e-02
4.349511989858001471e-02
8.325195126235485077e-02
1.033701559354085475e-01
9.023387302295304835e-02
1.497156884404830635e+00
1.283342716575134546e+00
3.275445331819355488e-01
1.616124107968062162e-01
1.625298472354188561e-01
1.094286337029188871e-01
1.268586669117212296e+00
1.134080925839953125e+00
5.395796280354261398e-01
3.721915716305375099e-01
2.463923747418448329e-01
1.064895226736553013e-01
9.916986754979006946e-02
9.520458829356357455e-01
9.175443571293726563e-01
2.683987210039049387e-01
1.139676640741527081e-01
3.874563305871561170e-01
9.336607344448566437e-02
7.849019183777272701e-01
4.162074649939313531e-01
2.291285807732492685e-01
1.711675811093300581e-01
7.996527637587860227e-01
3.774709219578653574e-01
2.427125850226730108e-01
1.127081005834043026e-01
1.504289091273676604e+00
1.656247077276930213e+00
7.420868286862969398e-01
2.031723747495561838e-01
2.038952079601585865e-01
1.786378932883962989e-01
9.981442289426922798e-02
1.950841004145331681e-01
7.361545425374060869e-02
1.240278859040699899e-01
7.063119337544776499e-02
6.722735773655585945e-02
2.644094170536845922e-01
6.391044013435021043e-02
2.657614345662295818e-01
1.307124510640278459e-01
8.879926754161715508e-02
5.219355568988248706e-02
1.202738493448123336e-01
5.886095980531536043e-02
6.197676926967687905e-02
6.802215197240002453e-02
7.719560898840427399e-02
6.787362523027695715e-02
8.083008843823336065e-02
8.254307991592213511e-02
6.527909054420888424e-02
1.346471461874898523e-01
1.061042247747536749e-01
6.404430908150970936e-02
6.335717788897454739e-02
4.505698438151739538e-02
9.299526973336469382e-02
5.394767504185438156e-02
6.546898995293304324e-02
4.434957553166896105e-02
4.561583705071825534e-02
5.238509223272558302e-02
1.461731196468463168e-01
1.100760469125816599e-01
9.795060908072628081e-02
4.252072375675197691e-02
8.354451366176363081e-02
3.528995857050176710e-02
4.785042753792367876e-02
7.476881163893267512e-02
7.734813017304986715e-02
4.444370089913718402e-02
5.656259608804248273e-02
7.652855617925524712e-02
7.848211974487639964e-02
