3.440055889487266541e+02
1.235377806425094604e+02
1.043396806120872498e+02
8.431109255552291870e+01
6.829307009279727936e+01
5.385175277292728424e+01
4.109702543541789055e+01
3.570025921612977982e+01
3.025420021638274193e+01
2.789911716990172863e+01
2.375454613193869591e+01
2.293616217188537121e+01
2.125968021713197231e+01
2.226579383760690689e+01
2.280248275212943554e+01
1.832423999533057213e+01
1.707326244004070759e+01
1.420885886950418353e+01
1.414094942528754473e+01
1.530811120104044676e+01
1.579855906916782260e+01
1.321121573541313410e+01
1.675586322904564440e+01
1.288620534189976752e+01
1.310019898670725524e+01
1.169185686786659062e+01
1.170353475026786327e+01
1.067293519247323275e+01
1.403146461886353791e+01
1.086085972655564547e+01
9.481117708142846823e+00
9.584782571764662862e+00
9.227696206187829375e+00
1.140011640754528344e+01
1.031119439378380775e+01
1.022756540123373270e+01
8.716301819775253534e+00
7.338829083135351539e+00
7.930144204641692340e+00
1.053133630100637674e+01
9.039424617076292634e+00
7.304629212012514472e+00
9.023764065117575228e+00
8.352633437607437372e+00
5.490646738297073171e+00
6.642972491215914488e+00
7.440448128269053996e+00
5.813031702651642263e+00
9.094733702717348933e+00
1.138034046627581120e+01
9.265082372818142176e+00
7.902541951043531299e+00
5.755106010416056961e+00
5.079160269815474749e+00
5.825974359875544906e+00
4.640715866931714118e+00
5.496206957352114841e+00
4.464931328519014642e+00
6.497079355583991855e+00
6.237832782848272473e+00
3.549071129193180241e+00
5.181162326785852201e+00
5.625509544159285724e+00
6.023304388916585594e+00
4.669123881554696709e+00
5.689810589654371142e+00
6.003396725107450038e+00
4.302526546554872766e+00
4.652527538361027837e+00
4.222259802540065721e+00
4.351003526768181473e+00
4.588606946126674302e+00
5.079598767217248678e+00
5.918241025647148490e+00
7.652924892172450200e+00
8.156307182041928172e+00
7.962687061168253422e+00
5.886995316133834422e+00
4.240218808641657233e+00
8.480768191540846601e+00
1.603018094412982464e+01
6.300841480377130210e+00
3.932776203262619674e+00
3.556634184700669721e+00
4.860034645076666493e+00
4.579415414875256829e+00
4.232892219006316736e+00
3.736473433964420110e+00
2.650578018008673098e+00
4.847632717064698227e+00
3.447484253090806305e+00
2.539420836706995033e+00
9.059952924297249410e+00
6.946111512021161616e+00
2.468808907840866596e+00
2.833537469654402230e+00
2.852579359532683156e+00
3.949765885947272182e+00
2.473467302945209667e+00
2.081175881950912299e+00
