3.495800222754478455e+02
1.313254047036170959e+02
1.090764787048101425e+02
8.708778168261051178e+01
6.808277147263288498e+01
5.321942916512489319e+01
4.414333551004528999e+01
3.821057194098830223e+01
3.210901354439556599e+01
2.721766963228583336e+01
3.111828722432255745e+01
2.830449978075921535e+01
2.345152719970792532e+01
2.168188627902418375e+01
2.145117079326882958e+01
1.727686156285926700e+01
1.646832865010946989e+01
1.930880356114357710e+01
1.832948603294789791e+01
1.606150574679486454e+01
1.633579266117885709e+01
1.646390549512580037e+01
1.840464381407946348e+01
1.672278288565576077e+01
1.308985870098695159e+01
1.068113886262290180e+01
1.447295583551749587e+01
1.235622153058648109e+01
1.145144571247510612e+01
1.298979148862417787e+01
1.194748505670577288e+01
1.101045578555203974e+01
1.003598044009413570e+01
1.133838771842420101e+01
1.187909476109780371e+01
1.172614141157828271e+01
1.074267892516218126e+01
1.081115323887206614e+01
8.522184842731803656e+00
8.264397543389350176e+00
1.058400967274792492e+01
8.354860541876405478e+00
9.942216735449619591e+00
9.847058377694338560e+00
9.497703563538379967e+00
6.978719647217076272e+00
7.853076154424343258e+00
8.126143336587119848e+00
7.894599563529482111e+00
7.160517621610779315e+00
7.628253957431297749e+00
5.955782166565768421e+00
6.015874743345193565e+00
7.600415387772955000e+00
6.779121927218511701e+00
6.105038885085377842e+00
6.649504207482095808e+00
6.345038759784074500e+00
5.484058148329495452e+00
7.066390157735440880e+00
6.396473517874255776e+00
5.502546841104049236e+00
4.576340482919476926e+00
5.664967840624740347e+00
5.645091607962967828e+00
4.639531329536112025e+00
4.839408506813924760e+00
3.481649850305984728e+00
5.076015435610315762e+00
4.512610697929630987e+00
6.686728098429739475e+00
5.733283060893882066e+00
5.729946931911399588e+00
5.327371865263557993e+00
4.425279699178645387e+00
2.963573373490362428e+00
3.768102474066836294e+00
4.902195819391636178e+00
4.509818376885959879e+00
3.131619964478886686e+00
6.173277348076226190e+00
4.637772314948961139e+00
3.777050029777456075e+00
2.891305195262248162e+00
6.794098684491473250e+00
3.936046219823765568e+00
3.370323068884317763e+00
4.597066461094073020e+00
4.952405333606293425e+00
2.511562276093172841e+00
3.542179852294793818e+00
4.613940029550576583e+00
3.013858865291695110e+00
2.275058912528038491e+00
3.709404984914726811e+00
2.781392648052133154e+00
4.123621725768316537e+00
4.008750789187615737e+00
3.499755384917079937e+00
3.412185752720688470e+00
