9.552894663810729980e+01
3.302329379320144653e+01
7.798837900161743164e+00
2.161756999790668488e+00
1.285002551972866058e+00
1.183911176398396492e+00
7.757011596113443375e-01
5.551424901932477951e-01
3.885548952966928482e-01
3.180416668765246868e-01
4.377200207673013210e-01
4.122120365500450134e-01
4.979366140905767679e-01
5.710052456706762314e-01
6.231679641641676426e-01
1.215752372983843088e+00
9.156913575716316700e-01
6.722363303415477276e-01
3.995872025843709707e-01
6.505010996479541063e-01
4.972542736213654280e-01
3.455131645314395428e-01
2.865491581615060568e-01
4.050247885752469301e-01
2.650706780841574073e-01
2.113838593941181898e-01
1.277812982443720102e-01
1.600146022392436862e-01
1.366847454337403178e-01
4.258057074621319771e-01
5.166707925964146852e-01
4.882657935377210379e-01
3.730914604384452105e-01
3.253499777056276798e-01
3.005561333848163486e-01
2.903276613214984536e-01
2.182630235329270363e-01
1.336340293055400252e-01
1.812774850986897945e-01
3.048299729125574231e-01
3.881238560425117612e-01
5.507724508643150330e-01
3.093820398207753897e-01
2.961946403374895453e-01
2.237975821481086314e-01
2.218173937289975584e-01
4.461941461777314544e-01
3.881823652773164213e-01
3.144243237329646945e-01
1.790289659984409809e-01
1.217771750525571406e-01
2.441538901766762137e-01
2.752378064906224608e-01
4.855250889086164534e-01
2.108571913558989763e-01
1.923562209703959525e-01
1.354683190002106130e-01
1.087222666828893125e-01
1.108589741343166679e-01
1.121269944706000388e-01
7.734674384118989110e-02
1.135024650138802826e-01
9.857152984477579594e-02
1.009973592881578952e-01
8.293152952683158219e-02
7.107783206447493285e-02
6.239328969968482852e-02
6.357259541982784867e-02
8.267774188425391912e-02
7.017847418319433928e-02
7.213391562981996685e-02
5.710084607562748715e-02
8.385938673745840788e-02
1.274583724298281595e-01
1.542517438501818106e-01
9.558498770638834685e-02
7.672499609179794788e-02
5.255686677992343903e-02
7.047051466361153871e-02
6.614259489288087934e-02
1.099780173972249031e-01
1.273470236483262852e-01
8.539980676141567528e-02
8.721836340555455536e-02
2.246089528780430555e-01
2.082770680426619947e-01
2.304571266868151724e-01
8.741295966319739819e-01
9.130872869864106178e-01
7.132810798939317465e-01
8.175826750230044127e-01
4.737533978186547756e-01
2.272266859654337168e-01
1.091947574168443680e-01
1.193381898920051754e-01
9.037480791448615491e-02
1.725743353890720755e-01
1.119686700694728643e-01
3.069587841164320707e-01
1.618802825687453151e-01
5.357612808584235609e-01
5.595235183718614280e-01
7.102285287692211568e-01
2.599187007290311158e-01
1.633502594777382910e-01
7.523633027449250221e-02
9.414856953662820160e-02
7.732281224161852151e-02
9.474637667881324887e-02
5.371544422814622521e-02
1.265989601961337030e-01
5.142391604749718681e-02
7.092495971301104873e-02
8.181556022464064881e-02
7.411338937527034432e-02
6.783534858550410718e-02
7.662291306769475341e-02
9.826296796381939203e-02
8.076727120351279154e-02
5.260374370845966041e-02
6.819414952042279765e-02
5.272487745241960511e-02
5.502377310040174052e-02
8.765670296997996047e-02
6.250519263994647190e-02
7.736912877589929849e-02
7.084864179341821000e-02
1.050502105499617755e-01
9.005894313304452226e-02
6.107570806489093229e-02
6.385171847796300426e-02
6.317519351068767719e-02
6.753981978908996098e-02
7.297314379684394225e-02
8.685033699293853715e-02
5.085446269367821515e-02
6.191200146713526919e-02
8.037706518371123821e-02
7.109762520121876150e-02
5.925706263951724395e-02
3.781115034507820383e-02
7.801423614728264511e-02
6.297187046220642515e-02
7.018370615332969464e-02
7.120569777907803655e-02
9.094035770613118075e-02
5.826490936669870280e-02
7.256171646440634504e-02
7.082478077063569799e-02
6.935772101496695541e-02
4.978259712515864521e-02
8.072022509077214636e-02
6.717225976171903312e-02
5.256349344927002676e-02
7.713478227378800511e-02
5.192342896771151572e-02
4.843383525076205842e-02
3.868530521867796779e-02
1.510049435200926382e-01
4.918002448539482430e-02
8.289727972078253515e-02
8.942388399009360000e-02
9.117166971554979682e-02
7.487459916592342779e-02
7.761528669652761891e-02
6.668957446163403802e-02
6.685043771358323283e-02
5.046548616883228533e-02
7.374050233920570463e-02
7.050073289792635478e-02
6.502313107921509072e-02
6.745025756026734598e-02
4.512228359089931473e-02
6.447199572357931174e-02
4.037651983526302502e-02
4.350761260866420344e-02
4.936859225563239306e-02
3.850229869567556307e-02
7.884691820436273701e-02
8.496486114745493978e-02
4.268082480120938271e-02
4.277501984688569792e-02
5.073750441624724772e-02
5.453378390302532353e-02
6.810302271696855314e-02
4.135905145449214615e-02
4.740866351494332775e-02
5.920701094510150142e-02
9.659448482852894813e-02
3.384802706568734720e-02
5.485186130317742936e-02
7.350393805245403200e-02
6.339564833979238756e-02
4.431759797080303542e-02
8.867063139950914774e-02
4.182050220333621837e-02
2.623295897647039965e-01
1.457963857392314821e-01
8.717288745538098738e-02
5.308923266420606524e-02
