2.000862495740875602e+01
8.522799492347985506e-01
4.772611100925132632e-01
6.725194421596825123e-01
2.910988374496810138e-01
2.439108816033694893e-01
6.613019789801910520e-02
4.295152003760449588e-02
1.377602622960694134e-01
1.524178828985895962e-01
1.374469434958882630e-01
5.247087233001366258e-01
2.855187827663030475e-02
1.268647824035724625e-01
2.903159472043626010e-02
1.782428903243271634e-02
1.565300671791192144e-02
1.204833645897451788e-02
1.092249623252428137e-02
1.002893114491598681e-02
8.724795021407771856e-03
7.860326619265833870e-03
7.108731573680415750e-03
1.068840907533740392e+00
7.554548309417441487e-01
3.236910212435759604e-01
4.320821251167217270e-02
1.678114020614884794e-02
9.066620550584048033e-03
1.171066573806456290e-02
6.477615523181157187e-03
6.451516379456734285e-03
6.985662366787437350e-03
5.510448787390487269e-03
2.452082049931050278e-01
8.288626101457339246e-01
1.801048058405285701e-02
1.226298542314907536e-02
1.704161937595927157e-02
1.287913338455837220e-02
4.521182929238420911e-03
4.196557516479515471e-03
3.414507360503193922e-03
3.374578585862764157e-03
2.915472363383742049e-03
4.797902896643790882e-02
1.306632560041180113e+00
3.578974865231430158e-01
8.459675700578372926e-03
5.865831806113419589e-02
9.150897423387505114e-02
2.865165211114799604e-01
6.231598265003412962e-03
1.315966653419309296e-02
6.897107719851192087e-03
3.789874972426332533e-03
2.582384940978954546e-03
2.501922806004586164e-03
2.444001258481875993e-03
1.895522197628451977e-03
1.690606786723947152e-03
1.470709322347829584e-03
1.576041829594032606e-03
1.462732363961549709e-03
1.192691942833334906e-03
1.165836674772435799e-03
1.045653069013496861e-03
1.025798018190471339e-03
9.982458923332160339e-04
9.759309423316153698e-04
8.432248171175160678e-04
8.331191436354856705e-04
1.161041929509337933e+00
4.523178169547463767e-01
2.873110537075262982e-02
4.696902684372616932e-03
3.671633767226012424e-03
8.988253880943375407e-03
2.795842066007026006e-03
6.895917043721055961e-03
1.638372671777688083e-03
1.232588207585649798e-03
1.061163170788859134e-03
1.062612748228275450e-03
1.215713049305122695e-03
9.042705967203801265e-04
8.081852295163116651e-04
8.073870121734216809e-04
6.052789456134632928e-04
7.613160304345001350e-04
5.736690170579095138e-04
1.402593274178798310e-03
4.534502496653658454e-04
5.211994861156199477e-04
4.356360254860192072e-04
3.804893809729037457e-04
4.939249421340718982e-04
3.319305829450058809e-04
3.157726349627409945e-04
3.493283167017580126e-04
2.944006930647447007e-04
3.042524884335762181e-04
2.743447453212866094e-04
2.266734049385377148e-04
2.577782793196092825e-04
5.150003990092955064e-02
9.291851628213407821e-01
1.767066473676095484e-01
3.030633125308668241e-02
2.756309821052127518e-03
2.014748430610779906e-03
1.341026153568236623e-03
1.155790039774728939e-03
1.092094147597890696e-01
1.087362330417818157e-02
1.325387638416941627e-03
8.957077482136810431e-04
8.853413910401286557e-04
5.429698942407412687e-04
4.517865091884232243e-04
7.606283984955553024e-04
3.794939559611520963e-04
3.349881375243057846e-04
3.791273504702985520e-04
3.651177468100286205e-04
2.910473993438245088e-04
2.498230603009687911e-04
3.999725660150943440e-04
2.658750039472579374e-04
2.148373683326099126e-04
1.526920007677290414e-04
1.944962554318863113e-04
2.228234874905865581e-04
1.656389466120344878e-04
1.352722402714334748e-04
1.570809176882903557e-04
1.167927000835788931e-04
1.142674802565579739e-04
1.110829806236779405e-04
1.218419474184884166e-04
9.718883350728901860e-05
1.037885237451519060e-04
1.218999302636802895e-04
9.565782931986177573e-05
7.928360824394076189e-05
1.143480206167168944e-04
1.068542564155450236e-04
9.312534987770959560e-05
9.189628289618667623e-05
8.902660752596602833e-05
6.025811225640609337e-05
6.584079261529041105e-05
5.683631395925203833e-05
1.231482090702229470e-04
5.764772244987170779e-05
6.239142847164202976e-05
8.698085928671162037e-05
5.600113416903695907e-05
5.153036843097424935e-05
3.742412845753051442e-05
5.164828969128620884e-05
5.369734154214711452e-05
4.805081409386957603e-05
5.777446587273971090e-05
4.697699189648574247e-05
4.662766757945746576e-05
2.978375813356137769e-05
2.616427597246229197e-05
3.332601259131706684e-05
2.606606064858851823e-05
3.258498369262952110e-05
2.426111010223053199e-05
3.137645261475086045e-05
8.898553735718905955e-04
6.581708451136591975e-05
4.838151093977671735e-05
3.502637861529933616e-05
2.809986206742109971e-05
2.487709929610559811e-05
2.156839981104496928e-05
6.340489447964614556e-05
1.570611923895626205e-05
1.336454795541897056e-05
1.697752675866581740e-05
1.195152930399956404e-05
1.510258318404567035e-05
1.172217588063517724e-05
9.882864262067414529e-06
1.140778846320245066e-05
1.047631648276592387e-05
9.308506875527200464e-06
7.383360147494855141e-06
7.833634358966889977e-06
7.153363489553754562e-06
7.439234902761882040e-06
7.663399688828675949e-06
6.499332346754371770e-06
7.500944227523120844e-06
6.493501816473568056e-06
6.443453014703948156e-06
