3.096485748887062073e+01
7.643700577318668365e+00
3.984246201813220978e+00
3.107335973531007767e+00
3.143856326118111610e+00
1.921881032176315784e+00
2.253490445204079151e+00
3.108576982282102108e+00
2.284496979787945747e+00
2.017863853834569454e+00
1.285443427972495556e+00
7.235635400284081697e-01
6.025359675986692309e-01
3.561593395425006747e-01
5.867672160384245217e-01
3.291179521474987268e-01
1.718046912574209273e-01
1.944000410439912230e-01
2.523044946137815714e-01
8.905175945837981999e-01
8.590993410325609148e-01
5.424653741065412760e-01
1.224754229071550071e+00
1.244756415486335754e+00
1.454959593247622252e+00
1.128402797388844192e+00
1.025887127267196774e+00
9.866733256494626403e-01
1.008142748381942511e+00
4.553778894187416881e-01
6.409191497950814664e-01
5.732918105495627970e-01
4.516979315667413175e-01
3.390228983771521598e-01
2.475695524481125176e-01
2.656196292373351753e-01
2.256415286101400852e-01
1.461503109312616289e-01
1.450425710063427687e-01
1.433930837811203673e-01
1.152261454626568593e-01
1.279607728502014652e-01
1.026930689404252917e-01
1.115711052334518172e-01
1.268150542455259711e-01
1.046245850302511826e-01
1.121812068704457488e-01
1.348088905215263367e-01
3.446705174428643659e-01
2.887070488650351763e-01
1.331164424336748198e-01
1.396363190433476120e-01
1.004236014814523514e-01
1.173761090685729869e-01
1.746473778330255300e-01
1.538774868531618267e-01
2.163504071504576132e-01
1.612411342721316032e-01
1.387540375872049481e-01
9.619652028777636588e-02
1.254565461276797578e-01
1.602423970907693729e-01
1.099397315338137560e-01
1.093301742876064964e-01
3.904470812194631435e-01
2.153603914426639676e+00
6.438290206715464592e+00
2.715502075385302305e+00
8.858275434467941523e-01
8.380869969259947538e-01
6.259839548729360104e-01
5.465575557900592685e-01
5.691951168118976057e-01
3.931616758927702904e-01
5.186353658209554851e-01
1.934359374863561243e-01
1.001178886435809545e+00
1.047654044581577182e+00
8.804529558401554823e-01
1.001745209388900548e+00
4.147850630688481033e-01
3.976097847335040569e-01
1.635673079872503877e-01
1.403453550010453910e-01
1.341466537560336292e-01
1.122791326270089485e-01
1.431757522877887823e-01
1.023002777146757580e-01
1.108011497344705276e-01
1.419981500330322888e-01
4.315336715953890234e-01
2.250134444911964238e-01
1.574578258223482408e-01
1.063577876011549961e-01
1.146219190522970166e-01
9.672772606063517742e-02
9.655481975278235041e-02
9.451604369678534567e-02
9.203994907147716731e-02
1.014819561642070767e-01
1.159425434234435670e-01
1.032560329731495585e-01
1.107594434233760694e-01
1.377438283598166890e-01
9.479299335725954734e-02
8.083783851543557830e-02
9.101530742373142857e-02
9.932221198687329888e-02
1.134818147729674820e-01
9.354138991238869494e-02
1.140817444429558236e-01
1.074237745506252395e-01
9.960677776871307287e-02
9.133406388173170853e-02
1.034595658938997076e-01
9.442216866227681749e-02
1.178588300172123127e-01
1.012378124560200376e-01
1.111725149339690688e-01
7.276195998747425620e-02
7.653199041487823706e-02
1.251193326643260662e-01
8.570309593869751552e-02
1.038553637699806131e-01
1.104919489771418739e-01
1.084776866637184867e-01
8.614639590996375773e-02
1.137314438938119565e-01
7.825224187854473712e-02
9.995084427646361291e-02
9.791092028717685025e-02
7.003076212004089030e-02
9.796689670565683628e-02
2.966976068928488530e-01
1.872780996127403341e-01
1.479610526912438218e-01
1.409911634102172684e+00
6.461002677679061890e+00
2.018721240339800715e+00
1.957512166583910584e+00
1.012574317399412394e+00
3.308566978666931391e-01
2.808655751869082451e-01
1.305414807866327465e-01
1.319212059097480960e-01
1.373720927440444939e-01
1.685104519237938803e-01
1.434983292128890753e-01
1.259114603817579336e-01
1.044733193084539380e-01
1.174681693846650887e-01
1.342037550784880295e-01
1.404527344348025508e-01
9.348948333172302227e-02
1.104477641983976355e-01
9.612799691603868268e-02
1.225659710653417278e-01
9.685344406534568407e-02
8.892288846072915476e-02
1.183354922904982232e-01
2.291365728688106174e-01
4.074684151273686439e-01
1.504581543733365834e+00
2.178113555768504739e+00
9.516550604021176696e-01
4.476675373734906316e-01
1.737717082869494334e-01
1.554857670780620538e-01
1.203829042351571843e-01
9.291564035083865747e-02
1.126429451906005852e-01
1.422105378151172772e-01
1.247177881487004925e-01
9.690329862860380672e-02
1.320057384182291571e-01
1.265225041879602941e-01
9.676155527995433658e-02
1.009053331617906224e-01
9.430309376148215961e-02
7.304888009093701839e-02
9.103652533485728782e-02
9.574268133110308554e-02
2.097325399972760351e-01
1.228814416717796121e-01
1.096712895323435077e-01
1.221256797853129683e-01
1.181047818990919041e-01
1.005855584753589937e-01
1.325127385589439655e-01
1.307272318199466099e-01
1.020249623597919708e-01
1.198992743584312848e-01
9.942143106309231371e-02
9.586429830278575537e-02
9.588980966100280057e-02
7.905148590725730173e-02
8.888514887894416461e-02
1.039606299095794384e-01
8.893445902185703744e-02
1.310915156277587812e-01
