2.164502082858234644e+01
4.836592919891700149e-01
2.561800837283954024e-01
6.733730387641116977e-01
1.020841238670982420e+00
3.599379134248010814e-01
4.166732028243131936e-01
6.379459248273633420e-02
4.708209692034870386e-02
4.351234402565751225e-02
8.659446777892298996e-02
3.336355462670326233e-02
2.686294658633414656e-02
2.121501936926506460e-02
1.711493670154595748e-02
1.594289267086423934e-02
1.304051726765464991e-02
1.192271461331984028e-02
1.100545698136556894e-02
1.002993156726006418e-02
8.550553702662000433e-03
1.910859413692378439e-02
1.214219973851868417e+00
3.557473808177746832e-02
1.776724446244770661e-02
1.308573585993144661e-02
1.010175043484196067e-02
8.600580724305473268e-03
1.373415882699191570e-02
7.074112174450419843e-03
5.925271940213860944e-03
5.754421301389811561e-03
5.477504329974181019e-03
4.409069066241499968e-03
6.194232397319865413e-03
5.073801616163109429e-03
4.493228589126374573e-03
3.545249699527630582e-03
1.741943025295768166e+00
1.103554275381611660e+00
1.142403655976522714e+00
4.845586264491430484e-02
1.352822243643458933e-02
1.291406052041565999e-02
1.938522666750941426e-02
7.068808565236395225e-03
6.303140155068831518e-03
4.455913551282719709e-03
4.476020563743077219e-03
3.954461926696239971e-03
3.851356403174577281e-03
2.810418593981012236e-03
3.170205298374639824e-03
2.483699236108805053e-03
2.196747921516362112e-03
2.102219912558211945e-03
8.331957060363492928e-03
7.536029030234203674e-02
3.732977405888959765e-03
2.515547740586043801e-03
9.679791880444099661e-03
2.546005071963008959e-03
1.786325636203400791e-03
1.574378325130965095e-03
1.457679478335194290e-03
1.307082009134319378e-03
1.162472479791176738e-03
1.323918449543270981e-03
9.875018017737602349e-04
1.084065548184298677e-03
8.987074465949262958e-04
9.053688518179114908e-04
1.151214864421490347e-03
9.077699785393633647e-04
6.976735166972503066e-04
6.630887510254979134e-04
5.883145172447257210e-04
7.246902507631602930e-04
6.488522644758631941e-04
5.731900039336323971e-04
5.649567219734308310e-04
4.854911571783304680e-04
4.560928482533199713e-04
5.294260881782975048e-04
4.096420532277988968e-04
4.123081466786970850e-04
3.875868169416207820e-04
3.880646760308081866e-04
3.597579677716566948e-04
4.505721798295780900e-04
3.664674836727499496e-04
3.392036752529747901e-04
3.082650653141172370e-04
2.859199161093783914e-04
3.972359859290008899e-04
3.024098501782646053e-04
2.536653539664257551e-04
2.280011519815161591e-04
2.254915648336464074e-04
1.997640193849292700e-04
2.251709169058813131e-04
2.238164132677411544e-04
2.573830375922625535e-04
1.984761705671189702e-04
1.850863332037988584e-04
1.689912859887954255e-04
3.032525432331567572e-04
1.521107367921104014e-04
2.059216652128270653e-04
1.510896390755078755e-04
1.323404457593824191e-04
1.507172493688813120e-04
1.213336576597612293e-04
1.229400104421074502e-04
1.360923009201542300e-04
1.147731581454536354e-04
2.661898755036418152e-04
1.220647252750950429e-04
9.541912203303581919e-05
9.810858321657178749e-05
8.896153465798306570e-05
8.275634229448769474e-05
9.735454091241990682e-05
8.036583056991730700e-05
7.564643777868695906e-05
8.666016503866558196e-05
6.736019503250645357e-05
6.475556801888160408e-05
6.230312021671124967e-05
7.620745023473318724e-05
6.894064159723711782e-05
7.307850927418257925e-05
5.533823556902461860e-05
6.810019891645424650e-05
6.030480194851861597e-05
5.439627295800164575e-05
5.213054477337664139e-05
5.051838357417182124e-05
4.705699922169515048e-05
5.062946857492534036e-05
4.517783975188649492e-05
3.792827730819681165e-05
6.688966251999772794e-05
3.477684835928585017e-05
3.425421005687212528e-05
3.079905584257858209e-05
2.924108009949577536e-05
2.982999637879402144e-05
3.464508448303149635e-05
2.835734984074633758e-05
2.917935793789183663e-05
2.963292312330167988e-05
2.494278278675210458e-05
2.123252382801865679e-05
4.928708704454720646e-05
1.945037764983226225e-05
2.107068962686753366e-05
9.498677882920318893e-01
1.229933534348674584e+00
4.181560914184956346e-01
2.650497402737528319e-02
1.167760959651786834e-02
2.852407341833895771e-03
2.583239420346217230e-03
2.044258233127038693e-03
1.195070015228338889e-03
2.267440102878026664e-02
5.794735692163612839e-01
2.217296808630635496e-01
1.668110463469929527e-01
1.547358187508507399e-02
5.625821202556835487e-03
3.783016815759765450e-03
2.235580483102239668e-03
6.942030527079623425e-01
2.380386069526139181e-01
1.893741589265118819e-02
7.576046813483117148e-03
2.654345399605517741e-03
5.137643277521419805e-03
3.627242584116174839e-03
1.770887311067781411e-03
2.470045581503654830e-03
1.346282895610784180e-03
1.159059595011058263e-03
1.127629303027788410e-03
9.184304190057446249e-04
5.588292024185648188e-03
1.278931446449860232e-03
1.509162866796032176e-03
7.535759693837462692e-04
5.979177558401715942e-04
5.770581994966050843e-04
5.031519399381068069e-04
5.111197958740376635e-04
5.308227075602189871e-04
3.951928304104512790e-04
1.057337171459948877e-03
3.760686009854907752e-04
3.552198048737409408e-04
