2.663798584043979645e+01
5.785689137876033783e+00
4.734284263104200363e+00
4.160797502845525742e+00
2.924911942332983017e+00
2.923916194587945938e+00
1.874221040867269039e+00
1.823147122748196125e+00
1.932247968390583992e+00
1.996889178641140461e+00
1.288279053289443254e+00
1.457369392272084951e+00
7.747641135938465595e-01
8.074560991954058409e-01
7.974107710178941488e-01
5.182606575544923544e-01
1.042023553280159831e+00
1.576551465783268213e+00
9.476209641434252262e-01
7.379660999868065119e-01
1.079172962228767574e+00
5.139413548167794943e-01
8.448638051049783826e-01
6.826891227392479777e-01
5.228991415351629257e-01
5.282793819787912071e-01
3.728624109062366188e-01
2.243319221306592226e-01
4.993119319551624358e-01
9.350594845600426197e-01
1.248116387054324150e+00
9.919487768784165382e-01
6.607874290202744305e-01
6.135579049587249756e-01
4.839616897515952587e-01
2.952305922517552972e-01
9.132191347307525575e-01
1.025185603590216488e+00
1.494205355760641396e+00
5.722148327622562647e-01
3.237612112425267696e-01
4.024070061277598143e-01
4.229386385704856366e-01
2.441600356105482206e-01
1.416108897537924349e-01
1.260873984720092267e-01
5.816733988467603922e-02
4.968627827474847436e-02
2.042104229622054845e-02
5.078238009155029431e-01
6.769979791715741158e-01
1.022877227223943919e-01
5.826845891715493053e-02
3.242482001951429993e-02
2.346742284134961665e-01
2.155696713016368449e-01
1.475796680169878528e-01
7.671634958387585357e-02
1.281040391768328846e-01
5.838364311057375744e-02
1.010807316051796079e-01
8.751587537699379027e-02
8.481665880390210077e-02
2.041463614295935258e-02
1.515940924000460654e-01
9.746127705147955567e-02
2.117801787244388834e-02
1.346700512985989917e-01
2.683797840290935710e-02
1.806927942379843444e-02
1.769819899964204524e-01
4.260767389132524841e-02
7.376664884213823825e-02
1.571895286833751015e-01
8.754158367810305208e-02
2.417949867958668619e-02
8.814768054435262457e-03
9.013271170260850340e-03
1.754989296750864014e-02
1.485264144575921819e-01
7.326401606405852363e-03
8.255468666902743280e-02
2.892342655104584992e-02
4.551838692350429483e-03
1.098871894791955128e-01
2.131488810482551344e-02
6.644341907303896733e-03
1.365815888821089175e-01
6.106390723289223388e-03
3.852677844406571239e-02
2.176257341488962993e-03
5.303459381320863031e-02
2.415743990059127100e-02
1.682375638119992800e-02
2.479779015520762186e-01
6.929188453068491071e-01
4.503610463318182155e+00
3.249213062226772308e+00
2.107124993111938238e+00
1.240539279766380787e+00
8.709735601441934705e-01
4.816567596863023937e-01
5.962359355180524290e-01
2.299958711955696344e-01
5.249175315257161856e-01
6.717079772497527301e-01
2.427828522049821913e-01
1.882699982670601457e-01
2.983221333561232314e-01
6.071308298996882513e-01
1.639316911459900439e-01
4.393307459395145997e-02
2.708567170702735893e-02
4.561187212675577030e-02
1.382573913360829465e-02
1.443797249776253011e-01
7.673012831219239160e-03
2.076645857850962784e-01
5.827600415796041489e-02
1.116810783059918322e-01
1.085995702778745908e-01
2.654009908656007610e-02
6.664532779541332275e-02
1.315028590488509508e-01
2.296062102323048748e-02
5.349923613757709973e-01
1.111768062750343233e+00
6.458194452861789614e-01
4.098163575254147872e-01
1.131171350163640454e+00
1.193252331810072064e+00
5.745974221936194226e-01
5.479532708704937249e-01
2.920950167463161051e-01
7.491674854099983349e-01
5.634113291525864042e-01
3.165933596901595592e-01
3.773273243714356795e-01
4.472406145323475357e-01
5.155612016533268616e-01
2.694816984876524657e-01
6.544909114090842195e-01
2.957167452550493181e-01
4.172891853522742167e-02
2.281246873208147008e-01
1.110631201809155755e-01
1.247537742747226730e-01
4.038157763206982054e-01
9.099200530545203947e-02
9.726629179931478575e-02
3.512964878245838918e-01
2.737061760672077071e-01
5.389007543926709332e-01
8.433196291298372671e-02
1.716788710582477506e-01
9.781111487973248586e-02
1.331062416456916253e-01
1.305997723557084100e-02
1.856734471220988780e-02
7.734108818112872541e-03
4.836455713302711956e-02
2.297090970751014538e-02
8.978801637567812577e-03
2.064840268212719820e-01
9.046144958210788900e-02
1.335222339730535168e-02
2.331221476542850723e-01
6.043077105823613238e-02
1.656897218708763830e-02
4.445347858745662961e-02
2.014485352538031293e-01
5.161835315448115580e-03
5.335439808459341293e-02
1.030004254862433299e-01
1.069179460500890855e-02
4.435900080443389015e-02
1.133616314191385754e-01
7.935161624664033297e-02
1.634539478927763412e-01
9.430313239136012271e-02
2.742432096874836134e-02
7.809923113200056832e-03
1.678421201822857256e-01
6.064857921637667459e-02
2.655427026593315531e-02
6.663590363677940331e-02
8.365492911707406165e-02
7.531580093154843780e-02
6.242566895980417030e-02
1.018647715891347616e-01
1.143519422839744948e-03
6.630102936696857796e-02
1.047271345009903598e-01
1.296462295654237096e-01
2.447440676542100846e-02
4.035577823697167332e-02
1.378806270024597325e-01
7.005913392549700802e-02
1.211980238213072880e-02
1.114140184445204795e-01
