2.508429470052942634e+01
2.660149605129845440e+00
1.397910302155651152e+00
1.022912044805707410e+00
9.674758139590267092e-01
6.512807568360585719e-01
4.831268787893350236e-01
8.173557107002125122e-01
2.229705064193694852e+00
2.828000669469474815e-01
4.856097233569016680e-01
1.607415015714650508e-01
1.728714795171981677e-02
1.000109749807961634e+00
3.979414480781997554e-01
8.322834553691791371e-01
3.783670370830805041e-02
5.710725382887176238e-01
3.112232745934306877e-02
8.521200506038439926e-03
5.904832431042450480e-03
1.659894239237473812e-01
7.970140983343299013e-01
1.019135239323077258e+00
4.645156184833467705e-01
1.029206687690020772e-02
4.026347219132730970e-01
7.659152522728618351e-02
3.979454809777962510e-01
3.722848931656699278e-01
8.189252738684444921e-01
2.873348038356198231e-01
1.136701444670507044e-02
9.931324384524486959e-03
1.222458042231210129e+00
4.453261129401653307e-01
2.748137968183073099e-01
1.153238603910722304e-02
4.836643514181560022e-03
5.070529452268601744e-03
2.079848390394545277e-03
2.376664141024775745e-03
1.054406848311373324e-03
9.633779347382187552e-04
1.019584316566124471e-03
3.154237392607228685e-03
2.445518050541295452e-02
1.011734684249290694e+00
3.940697263351466972e-02
2.210453120119382220e-01
4.017768244921171572e-02
2.977450661967395718e-02
1.551355768770235954e+00
1.799532192317201407e-01
9.551558672228566138e-03
1.328611812618873955e-02
3.028165682508188183e-03
2.376088976461687707e-03
5.581621074952636263e-01
9.980378585169091821e-03
3.187298512898451008e-02
6.269486612950458948e-03
2.142154125237993867e-03
1.764096413069182745e-03
1.259392105282586272e-03
9.895734787619403505e-04
5.801945831933608133e-04
6.772871094256061042e-04
4.583992404718628677e-04
6.048644710432427019e-04
6.759548977598228703e-03
4.148097912152550748e-01
4.264199588893688997e-01
1.631786651546462963e-02
1.144420793582412443e-02
2.031261851129784191e-03
9.228432692793830938e-04
6.692185590395638428e-04
7.609984426366622756e-04
4.189612648950458151e-04
3.766720332762929502e-04
2.373901612102713443e-04
2.005849371062851105e-04
1.138664901780828131e-04
1.077579974188225265e-03
3.025698905396723148e-04
1.454885605987055186e-04
3.439216276337475620e-04
1.198273714728692596e-04
1.472422211170609785e-04
5.202105394896960888e-05
1.381739895605083035e-04
4.105888456340522907e-05
3.900627615949225913e-05
3.084573686384928237e-05
5.131354189957804124e-05
3.926395906139745762e-05
2.469219187162252638e-05
1.921618105504840912e-05
1.750926072108249798e-05
1.323492224525324445e-05
8.479436331754186540e-06
1.246046927860788855e-05
1.584377041052853485e-05
1.062721331179794504e-05
8.344635694679247706e-05
2.503736488809779281e+00
5.355540712371293921e-01
1.380006099270758568e-02
1.779549811317338026e-02
4.210572379633958917e-03
4.507673954208257783e-03
4.056626998021783947e-03
1.827424948118050452e-03
3.773879608473862390e-03
2.336619657967275998e-03
2.148776173555688729e-03
7.817722787990533106e-04
6.865519016088228454e-04
8.199646141804350918e-04
5.949318920244195397e-04
2.710613244616411066e-04
1.211187089289467167e-03
5.661206174423227822e-04
8.427317159894158749e-01
5.729772320631809635e-01
6.983578696508629946e-02
1.964127911935520387e-01
2.178581399589347711e-01
2.464795349067117058e-02
1.409274039508545684e-02
2.291957815941714216e-03
2.492037644088895831e-03
4.973291822551573205e-03
2.258084351737466022e-03
4.869575370918255430e-04
4.998090784198438996e-04
1.829852171212564826e-03
4.753315209811148634e-04
3.341762441309015230e-04
2.200797107363428040e-04
3.440232707241364096e-04
1.677786176230711135e-04
1.286537064046910928e-04
5.936142946794120689e-04
5.788514704381242382e-04
3.707896882375187886e-01
1.149484694150260111e-02
1.756035906405486458e-01
3.512937404437366240e-03
1.071281207988050710e-03
2.553609245499188773e-03
3.584303717601464712e-01
4.310295729652580121e-03
1.696222767549215860e-03
1.175619156768448192e-03
8.895316503540939834e-02
1.354585337209521789e-01
7.435761668325824303e-03
7.307665002873164894e-03
8.056981901454207673e-04
7.221900924818669409e-04
2.076291239516692144e-04
7.218452859607538130e-04
8.997879961764709833e-03
6.261487011762767452e-04
1.163089276987605558e-03
3.491086980762503345e-04
4.464167555759956940e-04
1.957879223279945791e-04
1.742461001303929891e-04
4.190033212441157673e-04
8.215985046633456079e-05
6.751715882624687026e-05
1.875188490061407975e-04
6.495908147785556253e-05
3.670449257531238629e-05
4.402132667169489366e-05
4.127601778614042871e-05
2.930535428702363276e-05
2.585491854389943001e-05
1.747898301398542742e-04
6.325876085955250971e-05
7.978285505412281431e-01
3.629087086623528080e-01
5.446662769060139908e-03
1.622335245208716970e-02
4.213146268131851002e-02
3.049703898305722305e-03
1.078832561972831172e-03
7.640679225602298175e-04
5.439645499123457739e-04
5.635013862104187865e-04
3.840666147354454552e-04
3.661875414238124904e-04
1.961956652110075083e-04
2.276530048135327888e-04
5.706389169990444543e-04
1.468371361204390269e-02
6.420569438416734442e-04
