3.638274235129356384e+02
1.373783335089683533e+02
1.203841054439544678e+02
9.665654030442237854e+01
7.504906786978244781e+01
5.937523078173398972e+01
4.894093107804656029e+01
4.056111933290958405e+01
3.569394861534237862e+01
3.418626653216779232e+01
2.885215345025062561e+01
2.583763833157718182e+01
2.225796036329120398e+01
2.080730548594146967e+01
2.237927030958235264e+01
2.116973062604665756e+01
2.132948072627186775e+01
1.889309490332379937e+01
1.583369820215739310e+01
1.765685449028387666e+01
1.374167791497893631e+01
1.526019445387646556e+01
1.414241666533052921e+01
1.407060224120505154e+01
1.245620860112830997e+01
1.528833776758983731e+01
1.464024288090877235e+01
1.175966923637315631e+01
1.124486843298655003e+01
1.139465016243048012e+01
1.078293867921456695e+01
9.934219466871581972e+00
1.070219103107228875e+01
1.021039752732031047e+01
1.067483918007928878e+01
1.095562880160287023e+01
1.177425877354107797e+01
7.368412298848852515e+00
9.250199714035261422e+00
1.043057449441403151e+01
7.995598927256651223e+00
8.503745855879969895e+00
7.864249910751823336e+00
8.195920144440606236e+00
8.569335511187091470e+00
6.623129960498772562e+00
8.470111799193546176e+00
9.973507415677886456e+00
7.262537639093352482e+00
7.808579728647600859e+00
8.918285397696308792e+00
6.028635864349780604e+00
5.986085129479761235e+00
5.778721380658680573e+00
6.407294289951096289e+00
9.993768155283760279e+00
4.992864015162922442e+00
6.022477824968518689e+00
4.731425842619501054e+00
4.771979319775709882e+00
6.868809164356207475e+00
5.680142666271422058e+00
5.517387322819558904e+00
5.455314004066167399e+00
5.590216545562725514e+00
6.593141875346191227e+00
4.930165381636470556e+00
6.110428158368449658e+00
7.629753841378260404e+00
4.873167183570330963e+00
3.457695468452584464e+00
5.635474639741005376e+00
4.888828415161697194e+00
5.848929615945962723e+00
3.911885730893118307e+00
4.256039075524313375e+00
5.729112352826632559e+00
5.011533611381310038e+00
3.785078278087894432e+00
3.808395147781993728e+00
4.472355116871767677e+00
4.897395675245206803e+00
5.081087349419249222e+00
3.875775107677327469e+00
5.539409710647305474e+00
1.543977158423513174e+01
5.851938072970369831e+00
4.244052782305516303e+00
5.250570669319131412e+00
3.826795278146164492e+00
3.954948205224354751e+00
3.248069263121578842e+00
4.660479108461004216e+00
3.153144029201939702e+00
5.070047400236944668e+00
3.245957154998905025e+00
2.506990078116359655e+00
3.366214759145805147e+00
3.141780788617325015e+00
5.512979346844076645e+00
