1.883148455172777176e+02
1.110227059498429298e+02
7.907523151114583015e+01
6.255619216151535511e+01
4.617240754514932632e+01
4.210026101069524884e+01
3.553114786976948380e+01
3.109268092922866344e+01
3.144435880146920681e+01
2.725222673895768821e+01
2.375885486358311027e+01
2.172048379422631115e+01
2.315193078463198617e+01
2.148866783990524709e+01
1.831754443331738003e+01
1.487952346602105536e+01
1.507053236877254676e+01
1.461602996764122508e+01
1.553376530361128971e+01
1.204377109680353897e+01
1.686936411535134539e+01
1.077439442003378645e+01
8.521104678002302535e+00
1.041883990672431537e+01
1.375497659446045873e+01
9.489632954362605233e+00
1.267213568229635712e+01
8.576724762053345330e+00
8.511598268487432506e+00
1.139539482080726884e+01
1.031328307581134140e+01
7.093440386206566473e+00
1.314506730089487974e+01
7.096752057019330095e+00
4.175885671799733245e+00
4.712336295309341949e+00
1.410631883011228638e+01
7.569804777745957836e+00
5.264890225285853376e+00
8.705822870532756497e+00
4.601831499971012818e+00
9.671964710512838792e+00
6.975693623804545496e+00
4.976448764643464528e+00
8.887199088741908781e+00
6.525539921374729602e+00
5.472244325364954420e+00
6.967993468671011215e+00
5.213215125659644400e+00
9.506140851137388381e+00
6.832651635808360879e+00
6.554287765078697703e+00
5.173582454099232564e+00
3.474899627677586977e+00
8.390108833219528606e+00
6.541593243080114917e+00
4.325470544005838747e+00
3.155785083399678115e+00
2.613098458659351309e+00
1.113558700008070446e+01
6.590441317015574896e+00
2.848813265612989198e+00
7.769918033584872319e+00
5.338560887082621775e+00
6.306403459033390391e+00
4.636821817774489318e+00
1.577698030854435274e+00
6.572179787344339275e+00
7.474314491320910747e+00
3.532166066337822485e+00
2.765847186045448325e+00
2.076895624315625355e+00
9.145388510950397176e+00
8.707995136861427454e+00
1.749767114312817284e+00
1.007252345443021113e+00
6.730863841892414712e+00
5.167356507015938405e+00
4.635226874769159622e+00
2.318134654559798946e+00
1.100380100638716385e+00
1.086479597533877950e+01
3.642894240452733357e+00
1.136690866735534655e+00
3.487645319644286701e+00
5.832778719308407744e+00
3.903756546571685249e+00
4.501147709702308930e+00
2.197909351491944108e+00
1.491129801274155398e+00
5.133343930247292519e+00
6.000113532254090387e+00
3.009678683363290475e+00
1.991524987609579966e+00
2.024410298672250974e+00
4.370461077735967592e+00
7.631731562387358281e+00
2.049280001563602127e+00
4.357946452871601650e-01
3.467929423050918558e+00
8.058407023865584051e+00
1.331749528882482991e+00
1.743870618267919781e-01
3.910737409642024431e-01
7.050407560312208943e+00
4.931728587112957030e+00
2.254180100897428929e+00
1.616713145008247920e+00
6.427376416041283846e-01
4.783896550167355599e+00
6.917996649810447707e+00
2.575287011421437455e+00
3.238648389388799842e+00
1.411215476157167359e+00
8.742754349409551651e-01
4.728705339022667431e+00
5.050914833403112425e+00
8.879210928228076227e-01
3.296612552560418408e+00
8.408456429219768324e-01
4.168495641619699654e+00
1.820821038016333659e+00
1.459478871642147624e+00
6.491131501313418539e+00
2.424847526932353503e+00
1.163733306966378223e+00
1.762358366471517002e+00
3.162258790845100975e+00
1.797166479319940890e+00
5.074874932197701582e+00
2.737838727934558847e+00
1.737801345969046452e+00
2.999709673117536113e+00
2.740511027748198103e+00
1.834707289012129650e+00
5.174404132007339285e+00
1.062271816441580086e+00
8.985547891438159240e-01
3.210616066357033560e+00
4.452288637279252725e+00
1.726857092245154490e+00
8.590637124082149967e-01
7.874917036781994284e-01
1.735405080230805197e+00
8.104590888812936100e+00
1.201532929585823695e+00
1.036022240606598643e+00
7.180830235046613552e-01
9.763462454537830126e-02
4.791032585934431154e+00
5.360080327203831985e+00
9.133535147952898114e-01
1.252840622505686952e+00
8.300722174426482525e-01
2.180437464797385871e+00
4.470656963173269105e+00
2.003469649472890524e+00
1.560631163318873860e+00
3.515145306096371769e+00
2.660665510347598683e+00
3.232479074243258310e+00
1.300201299942521871e+00
2.547462581708970220e-01
1.066466923122668220e+00
3.486423153966363486e+00
4.000633318587006215e+00
2.276038765737467884e+00
2.764723116279128590e+00
2.294810247166651607e+00
7.989198559775019248e-01
1.059689962058740775e-01
3.009099268011610206e-01
2.970446920705072102e-01
6.395316880513064461e+00
3.020292234911266860e+00
1.319695892043398544e+00
1.036646569573690613e+00
9.600178339264573424e-01
2.168440929965086639e+00
3.580433150718249635e+00
2.477636345339874424e+00
1.945996113604621769e+00
4.911175840226604805e-01
7.448779547319972494e-02
1.342221756738971372e+00
2.326340728287391357e+00
3.314368740948992809e+00
5.945196558354552963e-01
1.488944922475745614e-01
1.820358767288297486e+00
7.207086847573009436e+00
1.635900768346346013e+00
3.023299424821743742e-01
1.089635384022358267e-01
6.850973292301887341e-02
4.977103431481850748e-01
6.809140968094482105e+00
2.472681209906113509e+00
1.175243721687252219e+00
2.456211196694027876e+00
