2.822224162518978119e+02
7.033822204172611237e+01
5.493347543478012085e+01
4.200445792824029922e+01
3.170428531989455223e+01
2.726445876061916351e+01
2.319878863915801048e+01
2.082370623946189880e+01
1.935300417244434357e+01
1.762998414784669876e+01
1.627776736672967672e+01
1.511388959176838398e+01
1.614505039714276791e+01
1.576390671776607633e+01
1.429105638433247805e+01
1.364398370496928692e+01
1.425433665793389082e+01
1.170175393531098962e+01
1.328533468255773187e+01
1.207188557460904121e+01
1.164263922488316894e+01
1.046339236339554191e+01
1.131543301558122039e+01
1.044934733165428042e+01
1.052282521454617381e+01
1.081081992387771606e+01
9.334995989222079515e+00
1.033977928059175611e+01
9.113743547815829515e+00
8.754026252194307745e+00
9.956291501410305500e+00
8.773018935229629278e+00
8.170657098642550409e+00
9.376617278670892119e+00
7.938013662816956639e+00
8.695616409648209810e+00
7.469731030054390430e+00
7.451940304366871715e+00
7.842811738373711705e+00
7.534068237175233662e+00
7.476772718247957528e+00
6.940091699361801147e+00
7.616303243907168508e+00
6.580699663027189672e+00
6.233778765599709004e+00
5.959349133190698922e+00
6.072499322937801480e+00
5.118273948959540576e+00
4.981247807561885566e+00
6.034529736498370767e+00
5.286121933837421238e+00
4.714482254901668057e+00
5.234889560204464942e+00
5.930568661540746689e+00
5.834629353426862508e+00
5.378573717083781958e+00
4.841583479894325137e+00
4.152165696265001316e+00
4.174753817816963419e+00
4.324452712142374367e+00
3.102982933196472004e+00
4.014078945823712274e+00
4.679858618837897666e+00
3.800528897379990667e+00
4.062896255753003061e+00
4.793409784993855283e+00
4.594418829539790750e+00
3.990688983933068812e+00
3.115348070277832448e+00
3.613508449547225609e+00
3.396308614814188331e+00
3.605902956551290117e+00
3.214500411733752117e+00
3.654186055166064762e+00
2.945663540740497410e+00
3.382300251956621651e+00
4.185936204332392663e+00
2.880255969706922770e+00
4.386794839345384389e+00
3.625007465074304491e+00
2.866559461159340572e+00
3.078167258812754881e+00
2.607435029778571334e+00
2.716883549364865758e+00
2.542768139672261896e+00
3.435140537651022896e+00
3.352098962437594309e+00
2.513937676783825736e+00
3.475487223273376003e+00
2.635040572451543994e+00
2.338132210585172288e+00
2.595197217277018353e+00
2.932937122051953338e+00
2.069564730409183539e+00
2.613341766962548718e+00
2.003180156341841212e+00
2.659801029774826020e+00
1.480430897536280099e+00
2.093010553820931818e+00
1.975251845113234594e+00
