6.553649237472767197e+01
7.638888888888888573e+01
7.785266884531590392e+01
7.907135076252723138e+01
8.007557189542482945e+01
8.127042483660130756e+01
8.248229847494553724e+01
8.401075708061001990e+01
8.499455337690632462e+01
8.645833333333334281e+01
8.763956971677559693e+01
8.884463507625271461e+01
8.983523965141611711e+01
9.074754901960784537e+01
9.170070806100217453e+01
9.264365468409584992e+01
9.300789760348583002e+01
9.326661220043573053e+01
9.403254357298474986e+01
9.416530501089323479e+01
9.471337145969498295e+01
9.471337145969498295e+01
9.461124727668844514e+01
9.474400871459694429e+01
9.512527233115469016e+01
9.534654139433551734e+01
9.563929738562092098e+01
9.588439542483659750e+01
9.620098039215686470e+01
9.650394880174292211e+01
9.653458605664488346e+01
9.657543572984749858e+01
9.677627995642701819e+01
9.691584967320261512e+01
9.709286492374728539e+01
9.707924836601307561e+01
9.706903594771242183e+01
9.722903050108932632e+01
9.724605119825707789e+01
9.733796296296296191e+01
9.732094226579521035e+01
9.763412309368190733e+01
9.748774509803921262e+01
9.757625272331155486e+01
9.767156862745098067e+01
9.772943899782134736e+01
9.767156862745098067e+01
9.760348583877996020e+01
9.771241830065359579e+01
9.768858932461873223e+01
9.778050108932461626e+01
9.778390522875817226e+01
9.798474945533769187e+01
9.791666666666665719e+01
9.787922113289759807e+01
9.800517429193899943e+01
9.794730392156863275e+01
9.830814270152505685e+01
9.805283224400871234e+01
9.815495642701525014e+01
9.798474945533769187e+01
9.806644880174292211e+01
9.795751633986927231e+01
9.819921023965140705e+01
9.821282679738561683e+01
9.812091503267973280e+01
9.821623093681917283e+01
9.823665577342048039e+01
9.822644335511982661e+01
9.826729302832244173e+01
9.834899237472767197e+01
9.836941721132897953e+01
9.826048474945532973e+01
9.803240740740740478e+01
9.830814270152505685e+01
9.851239106753813246e+01
9.857706971677559693e+01
9.841026688453159466e+01
9.829452614379084707e+01
9.840686274509803866e+01
9.841707516339869244e+01
9.851919934640523024e+01
9.852260348583877203e+01
9.859749455337690449e+01
9.844430827886709778e+01
9.863834422657951961e+01
9.844771241830065378e+01
9.858047385620915293e+01
9.849877450980392268e+01
9.870983115468409608e+01
9.864174836601307561e+01
9.861451525054467027e+01
9.851919934640523024e+01
9.855324074074074758e+01
9.863494008714597783e+01
9.868940631808278852e+01
9.870642701525054008e+01
9.877110566448801876e+01
9.861451525054467027e+01
9.875408496732026720e+01
9.848175381263615691e+01
9.877110566448801876e+01
9.865876906318082717e+01
9.868259803921569073e+01
9.870302287581699829e+01
9.875408496732026720e+01
9.884599673202613701e+01
9.877110566448801876e+01
9.872004357298474986e+01
9.882557189542482945e+01
9.880174291938998010e+01
9.879153050108932632e+01
9.885961328976034679e+01
9.882897603485838545e+01
9.885961328976034679e+01
9.893110021786492325e+01
9.891407952069715748e+01
9.893110021786492325e+01
9.888684640522875213e+01
9.885961328976034679e+01
9.883238017429192723e+01
9.888003812636165435e+01
9.893790849673203525e+01
9.876770152505446276e+01
9.894812091503267482e+01
9.889705882352942012e+01
9.895152505446623081e+01
9.894131263616557703e+01
9.885280501089323479e+01
9.899577886710240193e+01
9.892088779956426947e+01
9.904003267973855884e+01
9.906386165577342240e+01
9.900939542483659750e+01
9.901960784313726549e+01
9.904343681917211484e+01
9.898897058823528994e+01
9.904684095860567083e+01
9.905705337690632462e+01
9.913534858387798465e+01
9.898897058823528994e+01
9.907747821350763218e+01
9.898216230936819215e+01
9.906726579520696419e+01
9.916598583877996020e+01
9.915917755991286242e+01
9.910130718954248152e+01
9.898216230936819215e+01
9.916258169934640421e+01
9.923406862745098067e+01
9.918300653594771177e+01
9.903662854030501705e+01
9.912854030501088687e+01
9.911492374727669130e+01
9.912854030501088687e+01
9.912854030501088687e+01
9.929193899782134736e+01
9.923406862745098067e+01
9.922385620915032689e+01
9.924428104575163445e+01
9.918300653594771177e+01
9.913875272331155486e+01
9.922045206971678510e+01
9.924087690631809267e+01
9.918981481481480955e+01
9.912513616557734508e+01
9.922726034858388289e+01
9.926470588235294201e+01
9.935321350762527004e+01
9.915236928104575043e+01
9.923747276688452246e+01
9.921364379084967311e+01
9.927151416122003980e+01
9.929193899782134736e+01
9.923747276688452246e+01
9.913875272331155486e+01
9.925789760348583002e+01
9.919662309368190733e+01
9.927151416122003980e+01
9.921023965141611711e+01
9.928853485838780557e+01
9.928172657952070779e+01
9.933959694989106026e+01
9.931576797385621092e+01
9.919662309368190733e+01
9.928513071895424957e+01
9.931236383442265492e+01
9.930555555555555713e+01
9.925108932461873223e+01
9.929874727668844514e+01
9.927491830065359579e+01
9.933278867102396248e+01
9.938044662309367538e+01
9.938044662309367538e+01
9.929193899782134736e+01
9.936342592592592382e+01
9.939065904139432917e+01
9.932938453159042069e+01
9.934300108932461626e+01
9.937023420479303581e+01
