7.398200757575757791e+01
8.521148989898989612e+01
8.835227272727273373e+01
9.109848484848484418e+01
9.363952020202019355e+01
9.463383838383838054e+01
9.520991161616161946e+01
9.576231060606060908e+01
9.607796717171717660e+01
9.632260101010101039e+01
9.662247474747475451e+01
9.686710858585858830e+01
9.664614898989898961e+01
9.675662878787878185e+01
9.700126262626262985e+01
9.711174242424242209e+01
9.685921717171717660e+01
9.771148989898989612e+01
9.722222222222221433e+01
9.715909090909090651e+01
9.743529040404041552e+01
9.786142676767676107e+01
9.776672979797980645e+01
9.782196969696970257e+01
9.783775252525252597e+01
9.766414141414141170e+01
9.802714646464646364e+01
9.789299242424242209e+01
9.825599747474747403e+01
9.820864898989898961e+01
9.801925505050505194e+01
9.827967171717170913e+01
9.842171717171717660e+01
9.817708333333334281e+01
9.834280303030303116e+01
9.820864898989898961e+01
9.848484848484848442e+01
9.844539141414141170e+01
9.843750000000000000e+01
9.853219696969696884e+01
9.846117424242424931e+01
9.871369949494949481e+01
9.842171717171717660e+01
9.869002525252524549e+01
9.880050505050505194e+01
9.875315656565656752e+01
9.874526515151515582e+01
9.898200757575757791e+01
9.902146464646465063e+01
9.868213383838383379e+01
9.890309343434343248e+01
9.910827020202019355e+01
9.894255050505050519e+01
9.882417929292928704e+01
9.895044191919191690e+01
9.903724747474747403e+01
9.906881313131312083e+01
9.913983585858585457e+01
9.913194444444444287e+01
9.914772727272726627e+01
9.936079545454545325e+01
9.921875000000000000e+01
9.914772727272726627e+01
9.937657828282829087e+01
9.921085858585858830e+01
9.914772727272726627e+01
9.913194444444444287e+01
9.925820707070707272e+01
9.943970959595958448e+01
9.928188131313132203e+01
9.936079545454545325e+01
9.935290404040404155e+01
9.940814393939393767e+01
9.937657828282829087e+01
9.944760101010101039e+01
9.943181818181817277e+01
9.911616161616161946e+01
9.951073232323231821e+01
9.921085858585858830e+01
9.926609848484848442e+01
9.944760101010101039e+01
9.943970959595958448e+01
9.944760101010101039e+01
9.947127525252524549e+01
9.947127525252524549e+01
9.937657828282829087e+01
9.934501262626262985e+01
9.956597222222221433e+01
9.937657828282829087e+01
9.947916666666665719e+01
9.952651515151515582e+01
9.945549242424242209e+01
9.939236111111111427e+01
9.960542929292928704e+01
9.947916666666665719e+01
9.962121212121212466e+01
9.944760101010101039e+01
9.971590909090909349e+01
9.959753787878787534e+01
9.963699494949494806e+01
