7.066228790366720602e+01
7.678571428571429180e+01
8.065134099616858521e+01
8.521483305966064847e+01
8.925834701696770423e+01
9.159140667761357690e+01
9.339764641488778807e+01
9.496442255062945037e+01
9.534072249589490866e+01
9.614805692391898617e+01
9.630541871921181496e+01
9.685960591133004982e+01
9.679802955665024911e+01
9.707170224411603954e+01
9.740695128626163068e+01
9.750273672687465876e+01
9.735905856595510954e+01
9.797482211275314512e+01
9.820744389709906841e+01
9.805692391899289362e+01
9.800903119868637248e+01
9.806376573617953341e+01
9.803639846743294584e+01
9.864532019704434163e+01
9.821428571428570820e+01
9.825533661740558955e+01
9.857006020799123291e+01
9.855637657361795334e+01
9.846743295019156506e+01
9.880952380952381020e+01
9.884373289545703756e+01
9.891899288451013206e+01
9.848795840175151284e+01
9.898056923918993277e+01
9.866584564860426099e+01
9.874794745484400948e+01
9.880952380952381020e+01
9.883004926108374377e+01
9.891215106732347806e+01
9.898056923918993277e+01
9.884373289545703756e+01
9.893951833607006563e+01
9.876163108921728906e+01
9.921319102353585606e+01
9.888478379857690470e+01
9.906267104542966706e+01
9.903530377668309370e+01
9.896004378762998499e+01
9.916529830322933492e+01
9.927476737821565678e+01
9.893951833607006563e+01
9.916529830322933492e+01
9.919266557197590828e+01
9.914477285166940135e+01
9.898056923918993277e+01
9.894636015325670542e+01
9.939107827038860421e+01
9.923371647509578963e+01
9.932950191570881771e+01
9.923371647509578963e+01
9.896688560481663899e+01
9.922687465790913564e+01
9.945265462506841914e+01
9.937055281882868485e+01
9.955528188286808700e+01
9.906951286261632106e+01
9.935002736726875128e+01
9.930213464696223014e+01
9.937055281882868485e+01
9.944581280788177935e+01
9.891215106732347806e+01
9.937739463601532464e+01
9.928160919540229656e+01
9.937739463601532464e+01
9.937055281882868485e+01
9.945265462506841914e+01
9.960317460317460814e+01
9.934318555008209728e+01
9.951423097974821985e+01
9.940476190476191221e+01
9.961001642036124792e+01
9.942528735632183157e+01
9.950054734537494028e+01
9.940476190476191221e+01
9.956896551724138078e+01
9.941844553913519178e+01
9.940476190476191221e+01
9.974685276409414314e+01
9.945949644225505892e+01
9.938423645320196442e+01
9.965106732348111507e+01
9.952791461412151364e+01
9.950738916256158006e+01
9.971948549534755557e+01
9.938423645320196442e+01
9.962370005473454171e+01
9.944581280788177935e+01
9.904898741105637328e+01
9.956212370005474099e+01
9.963054187192118150e+01
