7.905844155844155807e+01
8.448773448773448536e+01
8.772546897546898492e+01
9.075577200577200188e+01
9.317279942279942873e+01
9.427308802308802171e+01
9.502164502164501414e+01
9.546356421356421151e+01
9.598665223665223323e+01
9.656385281385281871e+01
9.653679653679652972e+01
9.630230880230880075e+01
9.663600288600288479e+01
9.705086580086580739e+01
9.737554112554111896e+01
9.710497835497835695e+01
9.721320346320347028e+01
9.754689754689755432e+01
9.716810966810966477e+01
9.751984126984126533e+01
9.766414141414141170e+01
9.740259740259740795e+01
9.757395382395381489e+01
9.717712842712842303e+01
9.772727272727273373e+01
9.675324675324675638e+01
9.806998556998557603e+01
9.772727272727273373e+01
9.780844155844155807e+01
9.807900432900432008e+01
9.812409812409812560e+01
9.710497835497835695e+01
9.815115440115440038e+01
9.837662337662337109e+01
9.854797979797980645e+01
9.798881673881673748e+01
9.850288600288600094e+01
9.819624819624819168e+01
9.828643578643578849e+01
9.850288600288600094e+01
9.860209235209235601e+01
9.803391053391052878e+01
9.860209235209235601e+01
9.865620490620490557e+01
9.877344877344876295e+01
9.867424242424242209e+01
9.830447330447330501e+01
9.864718614718614731e+01
9.895382395382395657e+01
9.902597402597402265e+01
9.855699855699855050e+01
9.871031746031746934e+01
9.881854256854256846e+01
9.886363636363635976e+01
9.885461760461760150e+01
9.908008658008657221e+01
9.919733044733044380e+01
9.883658008658008498e+01
9.871933621933621339e+01
9.883658008658008498e+01
9.885461760461760150e+01
9.920634920634921627e+01
9.929653679653679887e+01
9.935966810966810669e+01
9.941378066378065625e+01
9.938672438672439569e+01
9.922438672438673279e+01
9.911616161616161946e+01
9.825036075036075545e+01
9.937770562770562321e+01
9.909812409812410294e+01
9.949494949494949481e+01
9.934163059163059017e+01
9.944083694083694525e+01
9.894480519480519831e+01
9.954004329004328611e+01
9.924242424242424931e+01
9.939574314574313973e+01
9.944985569985570351e+01
9.946789321789322003e+01
9.946789321789322003e+01
9.963924963924964118e+01
9.917929292929292728e+01
9.908910533910534468e+01
9.958513708513709162e+01
9.945887445887446177e+01
9.925144300144299336e+01
9.953102453102452785e+01
9.961219336219335219e+01
9.965728715728715770e+01
9.926948051948052409e+01
9.951298701298701133e+01
9.940476190476191221e+01
9.951298701298701133e+01
9.969336219336219074e+01
9.961219336219335219e+01
9.941378066378065625e+01
9.945887445887446177e+01
9.931457431457431539e+01
9.955808080808080263e+01
