8.031881313131312083e+01
8.501420454545454675e+01
8.899147727272726627e+01
9.192708333333334281e+01
9.341066919191919737e+01
9.451546717171717660e+01
9.539141414141414543e+01
9.615688131313132203e+01
9.610953282828282340e+01
9.640151515151515582e+01
9.681976010101010388e+01
9.670928030303029743e+01
9.709595959595958448e+01
9.700915404040404155e+01
9.759311868686867797e+01
9.738005050505050519e+01
9.735637626262627009e+01
9.764835858585858830e+01
9.752209595959595845e+01
9.762468434343433898e+01
9.742739898989898961e+01
9.794823232323231821e+01
9.775883838383838054e+01
9.808238636363635976e+01
9.772727272727273373e+01
9.797979797979797922e+01
9.804292929292928704e+01
9.809027777777778567e+01
9.804292929292928704e+01
9.814551767676768179e+01
9.829545454545454675e+01
9.811395202020202078e+01
9.804292929292928704e+01
9.815340909090909349e+01
9.823232323232323893e+01
9.847695707070707272e+01
9.854797979797980645e+01
9.849273989898989612e+01
9.833491161616161946e+01
9.835069444444444287e+01
9.872948232323231821e+01
9.842171717171717660e+01
9.810606060606060908e+01
9.834280303030303116e+01
9.879261363636364024e+01
9.894255050505050519e+01
9.864267676767676107e+01
9.871369949494949481e+01
9.898200757575757791e+01
9.871369949494949481e+01
9.902935606060606233e+01
9.890309343434343248e+01
9.916351010101010388e+01
9.918718434343433898e+01
9.916351010101010388e+01
9.891887626262627009e+01
9.906881313131312083e+01
9.917140151515151558e+01
9.917140151515151558e+01
9.923453282828282340e+01
9.898200757575757791e+01
9.937657828282829087e+01
9.923453282828282340e+01
9.917929292929292728e+01
9.916351010101010388e+01
9.925820707070707272e+01
9.917929292929292728e+01
9.923453282828282340e+01
9.925031565656566102e+01
9.921085858585858830e+01
9.936079545454545325e+01
9.962121212121212466e+01
9.962121212121212466e+01
9.930555555555555713e+01
9.928977272727273373e+01
9.924242424242424931e+01
9.929766414141414543e+01
9.943181818181817277e+01
9.830334595959595845e+01
9.864267676767676107e+01
9.935290404040404155e+01
9.949494949494949481e+01
9.953440656565656752e+01
9.953440656565656752e+01
9.962910353535353636e+01
9.951073232323231821e+01
9.951073232323231821e+01
9.933712121212121815e+01
9.953440656565656752e+01
9.951862373737372991e+01
9.962121212121212466e+01
9.945549242424242209e+01
9.958964646464646364e+01
9.958964646464646364e+01
9.961332070707071296e+01
9.962910353535353636e+01
9.957386363636364024e+01
9.805082070707071296e+01
9.840593434343433898e+01
9.941603535353534937e+01
9.960542929292928704e+01
9.955018939393939092e+01
9.962121212121212466e+01
9.942392676767676107e+01
9.956597222222221433e+01
9.941603535353534937e+01
9.957386363636364024e+01
9.932922979797980645e+01
9.973169191919191690e+01
9.974747474747475451e+01
9.973169191919191690e+01
9.969223484848484418e+01
9.924242424242424931e+01
9.962910353535353636e+01
9.973958333333334281e+01
9.976325757575757791e+01
9.955018939393939092e+01
9.969223484848484418e+01
9.951073232323231821e+01
9.957386363636364024e+01
9.968434343434343248e+01
9.976325757575757791e+01
9.970801767676768179e+01
9.980271464646465063e+01
9.962121212121212466e+01
9.942392676767676107e+01
9.962910353535353636e+01
9.949494949494949481e+01
9.969223484848484418e+01
9.969223484848484418e+01
9.986584595959595845e+01
9.970012626262627009e+01
9.966856060606060908e+01
9.976325757575757791e+01
9.970801767676768179e+01
9.970801767676768179e+01
9.932133838383838054e+01
9.979482323232323893e+01
9.986584595959595845e+01
9.962121212121212466e+01
9.974747474747475451e+01
9.982638888888888573e+01
9.982638888888888573e+01
9.959753787878787534e+01
9.959753787878787534e+01
9.966066919191919737e+01
9.953440656565656752e+01
9.983428030303029743e+01
9.926609848484848442e+01
9.943970959595958448e+01
9.985795454545454675e+01
9.990530303030303116e+01
9.992108585858585457e+01
9.986584595959595845e+01
9.994476010101010388e+01
9.996843434343433898e+01
9.989741161616161946e+01
9.971590909090909349e+01
9.975536616161616621e+01
9.979482323232323893e+01
9.983428030303029743e+01
9.977904040404041552e+01
9.990530303030303116e+01
9.980271464646465063e+01
9.981060606060606233e+01
9.956597222222221433e+01
9.984217171717170913e+01
9.987373737373737015e+01
9.993686868686867797e+01
9.977904040404041552e+01
9.975536616161616621e+01
9.973169191919191690e+01
9.984217171717170913e+01
9.980271464646465063e+01
9.973958333333334281e+01
9.895833333333334281e+01
9.951862373737372991e+01
9.977904040404041552e+01
9.978693181818182723e+01
9.987373737373737015e+01
9.988162878787878185e+01
9.981849747474747403e+01
9.970801767676768179e+01
9.946338383838383379e+01
9.979482323232323893e+01
9.993686868686867797e+01
9.993686868686867797e+01
9.997632575757575069e+01
9.991319444444444287e+01
9.984217171717170913e+01
9.976325757575757791e+01
9.991319444444444287e+01
9.992897727272726627e+01
9.992108585858585457e+01
9.970801767676768179e+01
9.977904040404041552e+01
9.990530303030303116e+01
9.992897727272726627e+01
9.999210858585858830e+01
9.963699494949494806e+01
