6.492890995260664511e+01
9.810426540284360897e+01
9.573459715639810952e+01
9.739336492890996055e+01
9.620853080568720372e+01
9.905213270142179738e+01
9.549763033175355531e+01
9.834123222748814896e+01
9.810426540284360897e+01
9.834123222748814896e+01
9.881516587677725738e+01
9.810426540284360897e+01
9.905213270142179738e+01
9.952606635071089158e+01
9.857819905213270317e+01
9.857819905213270317e+01
9.952606635071089158e+01
9.834123222748814896e+01
9.834123222748814896e+01
9.786729857819904055e+01
9.881516587677725738e+01
9.786729857819904055e+01
9.905213270142179738e+01
9.952606635071089158e+01
9.928909952606635159e+01
9.834123222748814896e+01
9.691943127962085214e+01
9.952606635071089158e+01
9.857819905213270317e+01
9.976303317535546000e+01
9.928909952606635159e+01
9.905213270142179738e+01
9.976303317535546000e+01
9.928909952606635159e+01
9.976303317535546000e+01
9.952606635071089158e+01
9.976303317535546000e+01
9.976303317535546000e+01
1.000000000000000000e+02
1.000000000000000000e+02
1.000000000000000000e+02
1.000000000000000000e+02
9.952606635071089158e+01
9.810426540284360897e+01
9.834123222748814896e+01
9.928909952606635159e+01
9.905213270142179738e+01
9.976303317535546000e+01
9.976303317535546000e+01
9.976303317535546000e+01
9.976303317535546000e+01
1.000000000000000000e+02
9.976303317535546000e+01
9.976303317535546000e+01
1.000000000000000000e+02
1.000000000000000000e+02
9.952606635071089158e+01
9.905213270142179738e+01
9.905213270142179738e+01
9.976303317535546000e+01
1.000000000000000000e+02
9.976303317535546000e+01
9.976303317535546000e+01
9.976303317535546000e+01
1.000000000000000000e+02
1.000000000000000000e+02
9.976303317535546000e+01
1.000000000000000000e+02
9.976303317535546000e+01
1.000000000000000000e+02
9.952606635071089158e+01
9.976303317535546000e+01
1.000000000000000000e+02
9.976303317535546000e+01
1.000000000000000000e+02
1.000000000000000000e+02
9.976303317535546000e+01
9.976303317535546000e+01
9.976303317535546000e+01
9.928909952606635159e+01
9.928909952606635159e+01
9.881516587677725738e+01
9.881516587677725738e+01
9.976303317535546000e+01
9.928909952606635159e+01
9.810426540284360897e+01
9.976303317535546000e+01
9.952606635071089158e+01
1.000000000000000000e+02
9.976303317535546000e+01
9.976303317535546000e+01
9.976303317535546000e+01
9.976303317535546000e+01
9.976303317535546000e+01
9.952606635071089158e+01
9.976303317535546000e+01
1.000000000000000000e+02
9.976303317535546000e+01
9.976303317535546000e+01
9.952606635071089158e+01
1.000000000000000000e+02
9.976303317535546000e+01
9.881516587677725738e+01
9.763033175355450055e+01
9.928909952606635159e+01
9.905213270142179738e+01
9.620853080568720372e+01
9.786729857819904055e+01
9.857819905213270317e+01
9.905213270142179738e+01
9.952606635071089158e+01
9.928909952606635159e+01
9.905213270142179738e+01
9.976303317535546000e+01
9.928909952606635159e+01
9.976303317535546000e+01
9.976303317535546000e+01
9.976303317535546000e+01
9.976303317535546000e+01
1.000000000000000000e+02
1.000000000000000000e+02
1.000000000000000000e+02
1.000000000000000000e+02
1.000000000000000000e+02
1.000000000000000000e+02
1.000000000000000000e+02
1.000000000000000000e+02
9.976303317535546000e+01
9.976303317535546000e+01
1.000000000000000000e+02
1.000000000000000000e+02
1.000000000000000000e+02
9.952606635071089158e+01
1.000000000000000000e+02
1.000000000000000000e+02
9.976303317535546000e+01
1.000000000000000000e+02
9.952606635071089158e+01
1.000000000000000000e+02
9.976303317535546000e+01
1.000000000000000000e+02
1.000000000000000000e+02
9.976303317535546000e+01
1.000000000000000000e+02
9.976303317535546000e+01
9.976303317535546000e+01
1.000000000000000000e+02
1.000000000000000000e+02
1.000000000000000000e+02
1.000000000000000000e+02
1.000000000000000000e+02
1.000000000000000000e+02
9.976303317535546000e+01
1.000000000000000000e+02
1.000000000000000000e+02
1.000000000000000000e+02
1.000000000000000000e+02
1.000000000000000000e+02
9.976303317535546000e+01
1.000000000000000000e+02
1.000000000000000000e+02
1.000000000000000000e+02
1.000000000000000000e+02
1.000000000000000000e+02
1.000000000000000000e+02
9.976303317535546000e+01
9.976303317535546000e+01
1.000000000000000000e+02
9.976303317535546000e+01
1.000000000000000000e+02
1.000000000000000000e+02
1.000000000000000000e+02
1.000000000000000000e+02
1.000000000000000000e+02
1.000000000000000000e+02
1.000000000000000000e+02
1.000000000000000000e+02
1.000000000000000000e+02
9.976303317535546000e+01
1.000000000000000000e+02
9.976303317535546000e+01
1.000000000000000000e+02
1.000000000000000000e+02
9.976303317535546000e+01
9.976303317535546000e+01
1.000000000000000000e+02
1.000000000000000000e+02
9.976303317535546000e+01
9.976303317535546000e+01
9.976303317535546000e+01
1.000000000000000000e+02
1.000000000000000000e+02
1.000000000000000000e+02
9.952606635071089158e+01
9.976303317535546000e+01
1.000000000000000000e+02
1.000000000000000000e+02
9.976303317535546000e+01
9.976303317535546000e+01
1.000000000000000000e+02
