7.349273989898989612e+01
8.575599747474747403e+01
8.899936868686867797e+01
9.196654040404041552e+01
9.388415404040404155e+01
9.490214646464646364e+01
9.532828282828282340e+01
9.572285353535353636e+01
9.689078282828282340e+01
9.655934343434343248e+01
9.652777777777778567e+01
9.693813131313132203e+01
9.706439393939393767e+01
9.728535353535353636e+01
9.750631313131312083e+01
9.738794191919191690e+01
9.741161616161616621e+01
9.760890151515151558e+01
9.755366161616161946e+01
9.769570707070707272e+01
9.796401515151515582e+01
9.758522727272726627e+01
9.776672979797980645e+01
9.758522727272726627e+01
9.771148989898989612e+01
9.784564393939393767e+01
9.771148989898989612e+01
9.813762626262627009e+01
9.794034090909090651e+01
9.809816919191919737e+01
9.846117424242424931e+01
9.837436868686867797e+01
9.807449494949494806e+01
9.840593434343433898e+01
9.877683080808080263e+01
9.835069444444444287e+01
9.844539141414141170e+01
9.862689393939393767e+01
9.849273989898989612e+01
9.869791666666665719e+01
9.878472222222221433e+01
9.882417929292928704e+01
9.846117424242424931e+01
9.871369949494949481e+01
9.885574494949494806e+01
9.903724747474747403e+01
9.895044191919191690e+01
9.862689393939393767e+01
9.885574494949494806e+01
9.917140151515151558e+01
9.924242424242424931e+01
9.887152777777778567e+01
9.906092171717170913e+01
9.931344696969696884e+01
9.935290404040404155e+01
9.892676767676768179e+01
9.913194444444444287e+01
9.920296717171717660e+01
9.908459595959595845e+01
9.910037878787878185e+01
9.930555555555555713e+01
9.943970959595958448e+01
9.931344696969696884e+01
9.913194444444444287e+01
9.950284090909090651e+01
9.930555555555555713e+01
9.913194444444444287e+01
9.929766414141414543e+01
9.933712121212121815e+01
9.955808080808080263e+01
9.949494949494949481e+01
9.917929292929292728e+01
9.947916666666665719e+01
9.956597222222221433e+01
9.932133838383838054e+01
9.948705808080808310e+01
9.944760101010101039e+01
9.926609848484848442e+01
9.937657828282829087e+01
9.938446969696970257e+01
9.923453282828282340e+01
9.928977272727273373e+01
9.956597222222221433e+01
9.957386363636364024e+01
9.962910353535353636e+01
9.952651515151515582e+01
9.947916666666665719e+01
9.932922979797980645e+01
9.940814393939393767e+01
9.941603535353534937e+01
9.960542929292928704e+01
9.938446969696970257e+01
9.958964646464646364e+01
9.937657828282829087e+01
9.947916666666665719e+01
9.955808080808080263e+01
9.955018939393939092e+01
9.956597222222221433e+01
9.950284090909090651e+01
9.974747474747475451e+01
