6.600719424460432094e+01
8.992805755395683320e+01
9.136690647482014072e+01
9.406474820143884585e+01
9.514388489208633359e+01
9.586330935251798735e+01
9.586330935251798735e+01
9.748201438848921896e+01
9.802158273381294862e+01
9.910071942446042215e+01
9.892086330935251226e+01
9.820143884892085850e+01
9.712230215827337076e+01
9.784172661870503873e+01
9.838129496402878260e+01
9.874100719424460237e+01
9.766187050359712885e+01
9.784172661870503873e+01
9.802158273381294862e+01
9.874100719424460237e+01
9.838129496402878260e+01
9.730215827338129486e+01
9.730215827338129486e+01
9.928057553956834624e+01
9.856115107913669249e+01
9.910071942446042215e+01
9.892086330935251226e+01
9.874100719424460237e+01
9.874100719424460237e+01
9.820143884892085850e+01
9.892086330935251226e+01
9.874100719424460237e+01
9.838129496402878260e+01
9.802158273381294862e+01
9.856115107913669249e+01
9.892086330935251226e+01
9.838129496402878260e+01
9.874100719424460237e+01
9.874100719424460237e+01
9.892086330935251226e+01
9.838129496402878260e+01
9.910071942446042215e+01
9.964028776978418023e+01
9.910071942446042215e+01
9.928057553956834624e+01
9.946043165467625613e+01
9.982014388489209011e+01
9.856115107913669249e+01
9.964028776978418023e+01
9.964028776978418023e+01
9.964028776978418023e+01
9.964028776978418023e+01
9.946043165467625613e+01
9.928057553956834624e+01
9.946043165467625613e+01
9.982014388489209011e+01
9.856115107913669249e+01
9.964028776978418023e+01
9.910071942446042215e+01
9.928057553956834624e+01
9.946043165467625613e+01
9.928057553956834624e+01
1.000000000000000000e+02
9.964028776978418023e+01
9.982014388489209011e+01
9.946043165467625613e+01
9.928057553956834624e+01
9.838129496402878260e+01
9.982014388489209011e+01
9.928057553956834624e+01
9.874100719424460237e+01
9.946043165467625613e+01
9.892086330935251226e+01
9.964028776978418023e+01
9.946043165467625613e+01
9.964028776978418023e+01
9.910071942446042215e+01
9.982014388489209011e+01
9.964028776978418023e+01
1.000000000000000000e+02
9.874100719424460237e+01
9.910071942446042215e+01
9.928057553956834624e+01
9.748201438848921896e+01
9.658273381294964111e+01
9.820143884892085850e+01
9.640287769784173122e+01
9.838129496402878260e+01
9.604316546762589724e+01
9.712230215827337076e+01
9.766187050359712885e+01
9.784172661870503873e+01
9.838129496402878260e+01
9.892086330935251226e+01
9.928057553956834624e+01
9.910071942446042215e+01
9.928057553956834624e+01
9.892086330935251226e+01
9.946043165467625613e+01
9.982014388489209011e+01
9.946043165467625613e+01
9.928057553956834624e+01
9.964028776978418023e+01
9.892086330935251226e+01
9.928057553956834624e+01
9.964028776978418023e+01
9.964028776978418023e+01
9.928057553956834624e+01
9.910071942446042215e+01
9.928057553956834624e+01
9.928057553956834624e+01
9.892086330935251226e+01
9.856115107913669249e+01
9.910071942446042215e+01
9.910071942446042215e+01
9.910071942446042215e+01
9.946043165467625613e+01
9.964028776978418023e+01
9.928057553956834624e+01
9.892086330935251226e+01
9.838129496402878260e+01
9.838129496402878260e+01
9.910071942446042215e+01
9.910071942446042215e+01
9.910071942446042215e+01
9.964028776978418023e+01
9.946043165467625613e+01
9.946043165467625613e+01
9.946043165467625613e+01
9.910071942446042215e+01
9.982014388489209011e+01
9.982014388489209011e+01
9.982014388489209011e+01
9.964028776978418023e+01
9.946043165467625613e+01
9.964028776978418023e+01
9.928057553956834624e+01
9.946043165467625613e+01
9.892086330935251226e+01
9.964028776978418023e+01
9.946043165467625613e+01
9.910071942446042215e+01
9.946043165467625613e+01
9.910071942446042215e+01
9.964028776978418023e+01
9.928057553956834624e+01
9.928057553956834624e+01
9.964028776978418023e+01
9.946043165467625613e+01
9.874100719424460237e+01
9.766187050359712885e+01
9.820143884892085850e+01
9.910071942446042215e+01
9.892086330935251226e+01
9.892086330935251226e+01
9.928057553956834624e+01
9.874100719424460237e+01
9.874100719424460237e+01
9.856115107913669249e+01
9.946043165467625613e+01
9.928057553956834624e+01
9.892086330935251226e+01
9.856115107913669249e+01
9.928057553956834624e+01
9.928057553956834624e+01
9.892086330935251226e+01
9.910071942446042215e+01
9.874100719424460237e+01
9.946043165467625613e+01
9.946043165467625613e+01
9.928057553956834624e+01
9.982014388489209011e+01
9.892086330935251226e+01
9.964028776978418023e+01
9.946043165467625613e+01
1.000000000000000000e+02
9.874100719424460237e+01
9.874100719424460237e+01
9.982014388489209011e+01
9.928057553956834624e+01
9.982014388489209011e+01
1.000000000000000000e+02
9.964028776978418023e+01
9.982014388489209011e+01
9.964028776978418023e+01
9.982014388489209011e+01
9.856115107913669249e+01
9.964028776978418023e+01
9.982014388489209011e+01
9.928057553956834624e+01
9.964028776978418023e+01
9.964028776978418023e+01
9.946043165467625613e+01
9.946043165467625613e+01
9.964028776978418023e+01
9.964028776978418023e+01
9.982014388489209011e+01
9.946043165467625613e+01
9.964028776978418023e+01
9.910071942446042215e+01
