7.180796731358528007e+01
8.712972420837589027e+01
9.499489274770172642e+01
9.713993871297242322e+01
9.713993871297242322e+01
9.795709908069459004e+01
9.765066394279877215e+01
9.908069458631257476e+01
9.805924412665986267e+01
9.765066394279877215e+01
9.897854954034728792e+01
9.867211440245148424e+01
9.918283963227783318e+01
9.918283963227783318e+01
9.969356486210418211e+01
9.877425944841675687e+01
9.928498467824310580e+01
9.908069458631257476e+01
9.928498467824310580e+01
9.948927477017363685e+01
9.959141981613890948e+01
9.887640449438201529e+01
9.867211440245148424e+01
9.877425944841675687e+01
9.918283963227783318e+01
9.928498467824310580e+01
9.887640449438201529e+01
9.673135852911133270e+01
9.775280898876404478e+01
9.969356486210418211e+01
9.959141981613890948e+01
9.959141981613890948e+01
9.989785495403472737e+01
9.969356486210418211e+01
9.979570990806946895e+01
9.979570990806946895e+01
9.969356486210418211e+01
9.979570990806946895e+01
9.989785495403472737e+01
9.989785495403472737e+01
9.969356486210418211e+01
9.969356486210418211e+01
9.948927477017363685e+01
9.856996935648621161e+01
9.877425944841675687e+01
9.795709908069459004e+01
9.836567926455566635e+01
9.877425944841675687e+01
9.959141981613890948e+01
9.969356486210418211e+01
9.959141981613890948e+01
9.959141981613890948e+01
9.969356486210418211e+01
9.989785495403472737e+01
9.979570990806946895e+01
9.979570990806946895e+01
9.959141981613890948e+01
9.979570990806946895e+01
9.979570990806946895e+01
9.969356486210418211e+01
9.979570990806946895e+01
9.979570990806946895e+01
9.979570990806946895e+01
9.948927477017363685e+01
9.969356486210418211e+01
9.989785495403472737e+01
9.979570990806946895e+01
9.969356486210418211e+01
9.969356486210418211e+01
9.979570990806946895e+01
9.969356486210418211e+01
9.979570990806946895e+01
9.979570990806946895e+01
9.989785495403472737e+01
9.959141981613890948e+01
9.969356486210418211e+01
9.969356486210418211e+01
9.979570990806946895e+01
9.979570990806946895e+01
9.989785495403472737e+01
9.959141981613890948e+01
9.969356486210418211e+01
9.969356486210418211e+01
9.979570990806946895e+01
9.969356486210418211e+01
9.979570990806946895e+01
9.979570990806946895e+01
9.959141981613890948e+01
9.969356486210418211e+01
9.734422880490296848e+01
9.591419816138918009e+01
9.499489274770172642e+01
9.805924412665986267e+01
9.887640449438201529e+01
9.948927477017363685e+01
9.948927477017363685e+01
9.969356486210418211e+01
9.969356486210418211e+01
9.969356486210418211e+01
9.948927477017363685e+01
9.959141981613890948e+01
9.979570990806946895e+01
9.969356486210418211e+01
9.989785495403472737e+01
9.979570990806946895e+01
9.979570990806946895e+01
9.979570990806946895e+01
9.969356486210418211e+01
9.979570990806946895e+01
9.959141981613890948e+01
9.959141981613890948e+01
9.969356486210418211e+01
9.979570990806946895e+01
9.989785495403472737e+01
9.979570990806946895e+01
9.969356486210418211e+01
9.979570990806946895e+01
9.969356486210418211e+01
9.969356486210418211e+01
9.989785495403472737e+01
9.979570990806946895e+01
9.979570990806946895e+01
9.979570990806946895e+01
9.989785495403472737e+01
9.989785495403472737e+01
9.969356486210418211e+01
9.979570990806946895e+01
9.969356486210418211e+01
9.959141981613890948e+01
9.897854954034728792e+01
9.908069458631257476e+01
9.836567926455566635e+01
9.846782431052093898e+01
9.826353421859039372e+01
9.867211440245148424e+01
9.969356486210418211e+01
9.969356486210418211e+01
9.979570990806946895e+01
9.948927477017363685e+01
9.969356486210418211e+01
9.959141981613890948e+01
9.918283963227783318e+01
9.969356486210418211e+01
9.979570990806946895e+01
9.989785495403472737e+01
9.969356486210418211e+01
9.969356486210418211e+01
9.959141981613890948e+01
9.969356486210418211e+01
9.969356486210418211e+01
9.969356486210418211e+01
9.979570990806946895e+01
9.969356486210418211e+01
9.979570990806946895e+01
9.959141981613890948e+01
9.979570990806946895e+01
9.979570990806946895e+01
9.979570990806946895e+01
9.969356486210418211e+01
9.969356486210418211e+01
9.979570990806946895e+01
9.979570990806946895e+01
9.969356486210418211e+01
9.969356486210418211e+01
9.969356486210418211e+01
9.969356486210418211e+01
9.959141981613890948e+01
9.979570990806946895e+01
9.989785495403472737e+01
9.959141981613890948e+01
9.979570990806946895e+01
9.989785495403472737e+01
9.959141981613890948e+01
9.979570990806946895e+01
9.979570990806946895e+01
9.989785495403472737e+01
9.969356486210418211e+01
9.969356486210418211e+01
9.826353421859039372e+01
9.836567926455566635e+01
9.877425944841675687e+01
9.887640449438201529e+01
9.969356486210418211e+01
9.959141981613890948e+01
9.969356486210418211e+01
9.969356486210418211e+01
9.959141981613890948e+01
9.908069458631257476e+01
9.897854954034728792e+01
9.938712972420837843e+01
9.938712972420837843e+01
9.969356486210418211e+01
9.979570990806946895e+01
9.989785495403472737e+01
9.959141981613890948e+01
9.867211440245148424e+01
9.948927477017363685e+01
9.938712972420837843e+01
9.928498467824310580e+01
9.959141981613890948e+01
