5.529214559386973349e+01
7.156369731800765521e+01
7.420977011494252906e+01
7.563457854406129854e+01
7.757423371647509214e+01
7.907686781609196203e+01
8.111829501915708818e+01
8.319564176245211229e+01
8.476412835249041677e+01
8.642241379310344485e+01
8.813457854406129854e+01
8.913433908045976750e+01
9.079861111111111427e+01
9.100814176245211229e+01
9.223539272030650693e+01
9.292983716475096401e+01
9.368414750957853698e+01
9.431273946360153104e+01
9.456417624521073151e+01
9.464798850574712219e+01
9.501317049808429260e+01
9.546216475095785370e+01
9.579741379310344485e+01
9.576149425287356109e+01
9.616858237547893395e+01
9.601891762452106605e+01
9.655771072796935073e+01
9.631226053639846896e+01
9.656369731800765521e+01
9.665349616858237880e+01
9.692887931034482563e+01
9.713840996168582365e+01
9.689295977011494188e+01
9.680316091954023250e+01
9.718630268199234479e+01
9.753352490421455911e+01
9.735991379310344485e+01
9.743773946360153104e+01
9.734195402298850297e+01
9.745569923371647292e+01
9.752155172413793593e+01
9.737787356321838672e+01
9.728208812260535865e+01
9.756345785440613838e+01
9.776101532567049901e+01
9.742576628352490786e+01
9.799449233716475760e+01
9.754549808429118229e+01
9.768318965517241281e+01
9.809027777777778567e+01
9.783285440613026651e+01
9.769516283524903599e+01
9.788673371647509214e+01
9.800646551724138078e+01
9.790469348659003401e+01
9.781489463601532464e+01
9.812619731800765521e+01
9.806633141762452510e+01
9.824592911877394386e+01
9.805435823754788771e+01
9.834171455938697193e+01
9.817409003831417635e+01
9.788673371647509214e+01
9.828783524904214630e+01
9.835368773946359511e+01
9.805435823754788771e+01
9.823994252873563937e+01
9.810225095785440885e+01
9.795258620689655515e+01
9.796455938697317833e+01
9.826987547892720443e+01
9.844947318007662318e+01
9.829382183908046500e+01
9.839559386973179755e+01
9.863505747126436063e+01
9.816810344827587187e+01
9.867696360153256308e+01
9.835368773946359511e+01
9.827586206896550891e+01
9.825790229885058125e+01
9.851532567049808620e+01
9.850335249042146302e+01
9.843750000000000000e+01
9.850933908045976750e+01
9.857519157088123052e+01
9.871288314176244683e+01
9.838362068965517437e+01
9.833572796934866744e+01
9.836566091954023250e+01
9.864104406130267932e+01
9.865301724137931672e+01
9.863505747126436063e+01
9.860512452107279557e+01
9.863505747126436063e+01
9.835967432950191380e+01
9.847341954022988375e+01
9.876077586206896797e+01
9.867696360153256308e+01
9.858716475095785370e+01
9.855723180076628864e+01
9.853328544061302807e+01
9.864703065134099802e+01
9.871288314176244683e+01
9.876676245210728666e+01
9.876676245210728666e+01
9.882662835249041677e+01
9.874281609195402609e+01
9.873084291187738870e+01
9.894636015325670542e+01
9.888050766283524240e+01
9.865900383141762120e+01
9.855124521072796995e+01
9.779693486590038276e+01
9.871288314176244683e+01
9.890445402298850297e+01
9.877274904214559115e+01
9.856321839080459313e+01
9.864104406130267932e+01
9.898227969348658917e+01
9.891044061302682167e+01
9.893438697318008224e+01
9.867097701149425859e+01
9.868893678160918626e+01
9.892840038314176354e+01
9.886853448275861922e+01
9.918582375478926849e+01
9.876077586206896797e+01
9.884458812260535865e+01
9.907806513409961724e+01
9.895833333333334281e+01
9.904214559386973349e+01
9.897629310344827047e+01
9.905411877394637088e+01
9.906609195402297985e+01
9.910201149425287781e+01
9.908405172413793593e+01
9.898826628352490786e+01
9.904813218390803797e+01
9.922174329501916645e+01
9.910799808429118229e+01
9.913793103448276156e+01
9.886254789272031474e+01
9.888649425287356109e+01
9.900622605363984974e+01
9.893438697318008224e+01
9.916187739463600792e+01
9.900622605363984974e+01
9.897030651340996599e+01
9.917385057471264531e+01
9.919779693486590588e+01
9.907207854406129854e+01
9.878472222222221433e+01
9.917385057471264531e+01
9.909602490421455911e+01
9.912595785440613838e+01
9.925167624521073151e+01
9.908405172413793593e+01
9.926963601532567338e+01
9.919779693486590588e+01
9.888050766283524240e+01
9.915589080459770344e+01
9.911997126436780547e+01
9.914990421455939895e+01
9.923371647509578963e+01
9.931154214559386162e+01
9.928160919540229656e+01
9.917385057471264531e+01
9.905411877394637088e+01
9.913793103448276156e+01
9.913194444444444287e+01
9.925167624521073151e+01
9.922174329501916645e+01
9.931154214559386162e+01
9.925766283524903599e+01
9.934746168582375958e+01
9.917385057471264531e+01
9.918582375478926849e+01
9.928160919540229656e+01
9.913194444444444287e+01
9.909602490421455911e+01
9.919181034482758719e+01
9.926364942528735469e+01
9.937739463601532464e+01
9.920977011494252906e+01
9.927562260536399208e+01
9.914990421455939895e+01
9.943127394636015026e+01
9.925766283524903599e+01
9.922174329501916645e+01
9.926963601532567338e+01
9.925766283524903599e+01
9.937140804597702015e+01
9.938936781609196203e+01
9.933548850574712219e+01
9.926963601532567338e+01
9.929358237547893395e+01
9.925167624521073151e+01
9.940134099616858521e+01
9.930555555555555713e+01
9.917385057471264531e+01
