8.005050505050505194e+01
8.455086580086580739e+01
8.595779220779220964e+01
8.771645021645021245e+01
8.865440115440115676e+01
9.065656565656566102e+01
9.204545454545454675e+01
9.265873015873016527e+01
9.418290043290042490e+01
9.420093795093794142e+01
9.400252525252524549e+01
9.486832611832612372e+01
9.465187590187589706e+01
9.554473304473305006e+01
9.561688311688311614e+01
9.604978354978355526e+01
9.621212121212121815e+01
9.537337662337662891e+01
8.733766233766233711e+01
8.981782106782107178e+01
9.381313131313132203e+01
9.526515151515151558e+01
9.556277056277056658e+01
9.402056277056276201e+01
9.632034632034631727e+01
9.682539682539682246e+01
9.653679653679652972e+01
9.648268398268398016e+01
9.704184704184703492e+01
9.680735930735930594e+01
9.696969696969696884e+01
9.716810966810966477e+01
9.747474747474747403e+01
9.676226551226551464e+01
9.693362193362193580e+01
9.733946608946608592e+01
9.748376623376623229e+01
9.713203463203463173e+01
9.704184704184703492e+01
9.747474747474747403e+01
9.715909090909090651e+01
9.703282828282829087e+01
9.715007215007214825e+01
9.756493506493507084e+01
9.727633477633477810e+01
9.744769119769119925e+01
9.742063492063492447e+01
9.749278499278500476e+01
9.776334776334776677e+01
9.761904761904762040e+01
9.750180375180374881e+01
9.714105339105338999e+01
9.753787878787878185e+01
9.742965367965368273e+01
9.758297258297258736e+01
9.761904761904762040e+01
9.784451659451659111e+01
9.752886002886003780e+01
9.767316017316018417e+01
9.789862914862914067e+01
9.786255411255410763e+01
9.761002886002886214e+01
9.782647907647907459e+01
9.771825396825396126e+01
9.785353535353534937e+01
9.784451659451659111e+01
9.800685425685425400e+01
9.790764790764791314e+01
9.824134199134199719e+01
9.765512265512265344e+01
9.780844155844155807e+01
9.777236652236652503e+01
9.806998556998557603e+01
9.799783549783549574e+01
9.825036075036075545e+01
9.792568542568542966e+01
9.814213564213564212e+01
9.798881673881673748e+01
9.824134199134199719e+01
9.812409812409812560e+01
9.834054834054833805e+01
9.837662337662337109e+01
9.810606060606060908e+01
9.819624819624819168e+01
9.817821067821067516e+01
9.845779220779220964e+01
9.849386724386724268e+01
9.829545454545454675e+01
9.814213564213564212e+01
9.845779220779220964e+01
9.837662337662337109e+01
9.860209235209235601e+01
9.287518037518037772e+01
9.684343434343433898e+01
9.834054834054833805e+01
9.833152958152957979e+01
9.849386724386724268e+01
9.868326118326118035e+01
9.883658008658008498e+01
9.852994227994228993e+01
