9.835214739846892940e+01
9.975347087063708784e+01
9.983132217464643077e+01
9.996107434799532143e+01
9.992214869599065707e+01
9.993512391332555467e+01
9.996107434799532143e+01
9.990917347865575948e+01
9.974049565330219025e+01
9.997404956533021902e+01
9.994809913066043805e+01
9.998702478266511662e+01
1.000000000000000000e+02
9.987024782665109512e+01
9.996107434799532143e+01
9.988322304398599272e+01
1.000000000000000000e+02
9.996107434799532143e+01
1.000000000000000000e+02
1.000000000000000000e+02
1.000000000000000000e+02
9.998702478266511662e+01
9.992214869599065707e+01
9.994809913066043805e+01
9.996107434799532143e+01
1.000000000000000000e+02
9.992214869599065707e+01
9.998702478266511662e+01
9.998702478266511662e+01
9.997404956533021902e+01
9.989619826132087610e+01
9.996107434799532143e+01
1.000000000000000000e+02
1.000000000000000000e+02
9.988322304398599272e+01
9.994809913066043805e+01
9.997404956533021902e+01
1.000000000000000000e+02
1.000000000000000000e+02
1.000000000000000000e+02
1.000000000000000000e+02
1.000000000000000000e+02
1.000000000000000000e+02
1.000000000000000000e+02
1.000000000000000000e+02
1.000000000000000000e+02
1.000000000000000000e+02
9.985727260931621174e+01
1.000000000000000000e+02
9.996107434799532143e+01
1.000000000000000000e+02
1.000000000000000000e+02
9.983132217464643077e+01
9.997404956533021902e+01
1.000000000000000000e+02
1.000000000000000000e+02
1.000000000000000000e+02
1.000000000000000000e+02
9.996107434799532143e+01
1.000000000000000000e+02
1.000000000000000000e+02
1.000000000000000000e+02
1.000000000000000000e+02
1.000000000000000000e+02
1.000000000000000000e+02
1.000000000000000000e+02
1.000000000000000000e+02
1.000000000000000000e+02
1.000000000000000000e+02
1.000000000000000000e+02
1.000000000000000000e+02
9.994809913066043805e+01
9.994809913066043805e+01
1.000000000000000000e+02
1.000000000000000000e+02
1.000000000000000000e+02
1.000000000000000000e+02
1.000000000000000000e+02
1.000000000000000000e+02
1.000000000000000000e+02
1.000000000000000000e+02
1.000000000000000000e+02
1.000000000000000000e+02
1.000000000000000000e+02
1.000000000000000000e+02
1.000000000000000000e+02
1.000000000000000000e+02
1.000000000000000000e+02
1.000000000000000000e+02
1.000000000000000000e+02
1.000000000000000000e+02
1.000000000000000000e+02
1.000000000000000000e+02
1.000000000000000000e+02
1.000000000000000000e+02
1.000000000000000000e+02
1.000000000000000000e+02
1.000000000000000000e+02
1.000000000000000000e+02
1.000000000000000000e+02
1.000000000000000000e+02
1.000000000000000000e+02
1.000000000000000000e+02
1.000000000000000000e+02
1.000000000000000000e+02
1.000000000000000000e+02
9.989619826132087610e+01
9.992214869599065707e+01
1.000000000000000000e+02
1.000000000000000000e+02
1.000000000000000000e+02
1.000000000000000000e+02
1.000000000000000000e+02
1.000000000000000000e+02
1.000000000000000000e+02
1.000000000000000000e+02
1.000000000000000000e+02
1.000000000000000000e+02
1.000000000000000000e+02
1.000000000000000000e+02
1.000000000000000000e+02
1.000000000000000000e+02
1.000000000000000000e+02
1.000000000000000000e+02
9.994809913066043805e+01
9.993512391332555467e+01
9.998702478266511662e+01
9.997404956533021902e+01
9.998702478266511662e+01
1.000000000000000000e+02
1.000000000000000000e+02
1.000000000000000000e+02
1.000000000000000000e+02
1.000000000000000000e+02
1.000000000000000000e+02
1.000000000000000000e+02
1.000000000000000000e+02
1.000000000000000000e+02
1.000000000000000000e+02
1.000000000000000000e+02
1.000000000000000000e+02
1.000000000000000000e+02
1.000000000000000000e+02
1.000000000000000000e+02
1.000000000000000000e+02
1.000000000000000000e+02
9.992214869599065707e+01
1.000000000000000000e+02
9.996107434799532143e+01
1.000000000000000000e+02
1.000000000000000000e+02
1.000000000000000000e+02
9.997404956533021902e+01
1.000000000000000000e+02
1.000000000000000000e+02
1.000000000000000000e+02
9.997404956533021902e+01
9.997404956533021902e+01
1.000000000000000000e+02
1.000000000000000000e+02
1.000000000000000000e+02
1.000000000000000000e+02
1.000000000000000000e+02
1.000000000000000000e+02
1.000000000000000000e+02
1.000000000000000000e+02
1.000000000000000000e+02
1.000000000000000000e+02
1.000000000000000000e+02
1.000000000000000000e+02
1.000000000000000000e+02
1.000000000000000000e+02
1.000000000000000000e+02
1.000000000000000000e+02
1.000000000000000000e+02
1.000000000000000000e+02
1.000000000000000000e+02
1.000000000000000000e+02
1.000000000000000000e+02
1.000000000000000000e+02
1.000000000000000000e+02
1.000000000000000000e+02
1.000000000000000000e+02
9.988322304398599272e+01
9.998702478266511662e+01
1.000000000000000000e+02
1.000000000000000000e+02
9.998702478266511662e+01
1.000000000000000000e+02
1.000000000000000000e+02
1.000000000000000000e+02
1.000000000000000000e+02
1.000000000000000000e+02
1.000000000000000000e+02
1.000000000000000000e+02
1.000000000000000000e+02
1.000000000000000000e+02
1.000000000000000000e+02
1.000000000000000000e+02
1.000000000000000000e+02
