6.986863711001642230e+01
7.521209633278598972e+01
7.946086480569238120e+01
8.403119868637109846e+01
8.823891625615763701e+01
9.073617952928297825e+01
9.281609195402297985e+01
9.446496989600437644e+01
9.525177887246853459e+01
9.592227695675971688e+01
9.608648056923918546e+01
9.657909140667760539e+01
9.701696770662287861e+01
9.716748768472905340e+01
9.733853311439519018e+01
9.721538040503557454e+01
9.753694581280788611e+01
9.772851669403394226e+01
9.805692391899289362e+01
9.783798576902024990e+01
9.780377668308702255e+01
9.773535851122058205e+01
9.845374931581828548e+01
9.854953475643131355e+01
9.831007115489873627e+01
9.841269841269840413e+01
9.833743842364532384e+01
9.814586754241926769e+01
9.854269293924465956e+01
9.857690202517788691e+01
9.827586206896550891e+01
9.865900383141762120e+01
9.865216201423098141e+01
9.844690749863164569e+01
9.836480569239189720e+01
9.893267651888341163e+01
9.874794745484400948e+01
9.880268199233715620e+01
9.840585659551176434e+01
9.885741652983031713e+01
9.891215106732347806e+01
9.876847290640394306e+01
9.844006568144499170e+01
9.892583470169677184e+01
9.917898193760262870e+01
9.896688560481663899e+01
9.917214012041598892e+01
9.911056376573618820e+01
9.904214559386973349e+01
9.904214559386973349e+01
9.916529830322933492e+01
9.900109469074985213e+01
9.907635467980296085e+01
9.903530377668309370e+01
9.913793103448276156e+01
9.883004926108374377e+01
9.935002736726875128e+01
9.906951286261632106e+01
9.919266557197590828e+01
9.900793650793650613e+01
9.883689107827038356e+01
9.930897646414888413e+01
9.917898193760262870e+01
9.939792008757525821e+01
9.921319102353585606e+01
9.940476190476191221e+01
9.949370552818828628e+01
9.929529282977557614e+01
9.921319102353585606e+01
9.935002736726875128e+01
9.928845101258893635e+01
9.888478379857690470e+01
9.913793103448276156e+01
9.958264915161466035e+01
9.956212370005474099e+01
9.918582375478926849e+01
9.922003284072249585e+01
9.953475643130815342e+01
9.951423097974821985e+01
9.954159824849480742e+01
9.923371647509578963e+01
9.924740010946906921e+01
9.941160372194855199e+01
9.951423097974821985e+01
9.950738916256158006e+01
9.926792556102901699e+01
9.942528735632183157e+01
9.945265462506841914e+01
9.970580186097427600e+01
9.961685823754788771e+01
9.897372742200329299e+01
9.959633278598796835e+01
9.950738916256158006e+01
9.956212370005474099e+01
9.943897099069512535e+01
9.943212917350848556e+01
9.971264367816091578e+01
9.972632731253420957e+01
9.955528188286808700e+01
9.946633825944171292e+01
