7.993326118326118035e+01
8.442460317460317754e+01
8.627344877344876295e+01
8.880772005772006139e+01
9.061147186147185550e+01
9.227092352092351746e+01
9.237012987012987253e+01
9.402056277056276201e+01
9.423701298701298867e+01
9.448953823953823417e+01
9.482323232323231821e+01
9.541847041847042021e+01
9.517496392496393298e+01
9.606782106782107178e+01
9.540043290043288948e+01
9.579725829725829556e+01
9.538239538239537296e+01
9.652777777777778567e+01
9.660894660894661001e+01
9.627525252525252597e+01
9.646464646464646364e+01
9.681637806637806420e+01
9.666305916305915957e+01
9.667207792207793204e+01
9.690656565656566102e+01
9.707792207792206796e+01
9.665404040404041552e+01
9.667207792207793204e+01
9.690656565656566102e+01
9.695165945165945232e+01
9.678030303030303116e+01
9.733946608946608592e+01
9.704184704184703492e+01
9.704184704184703492e+01
9.680735930735930594e+01
9.761002886002886214e+01
9.702380952380951840e+01
9.768217893217892822e+01
9.397546897546898492e+01
9.401154401154401796e+01
9.595959595959595845e+01
9.684343434343433898e+01
9.698773448773448536e+01
9.742965367965368273e+01
9.764610389610389518e+01
9.748376623376623229e+01
9.756493506493507084e+01
9.788059163059162415e+01
9.810606060606060908e+01
9.754689754689755432e+01
9.767316017316018417e+01
9.799783549783549574e+01
9.776334776334776677e+01
9.773629148629147778e+01
9.760101010101010388e+01
9.772727272727273373e+01
9.804292929292928704e+01
9.792568542568542966e+01
9.751082251082252128e+01
9.797979797979797922e+01
9.815115440115440038e+01
9.806998556998557603e+01
9.772727272727273373e+01
9.825937950937951371e+01
9.813311688311688386e+01
9.799783549783549574e+01
9.780844155844155807e+01
9.819624819624819168e+01
9.814213564213564212e+01
9.806096681096680356e+01
9.801587301587301226e+01
9.830447330447330501e+01
9.836760461760462704e+01
9.831349206349206327e+01
9.808802308802309255e+01
9.829545454545454675e+01
9.826839826839827197e+01
9.858405483405483949e+01
9.389430014430014637e+01
9.301046176046176583e+01
9.687049062049062798e+01
9.788961038961039662e+01
9.763708513708513692e+01
9.821428571428570820e+01
9.845779220779220964e+01
9.865620490620490557e+01
9.857503607503606702e+01
9.855699855699855050e+01
9.813311688311688386e+01
9.862012987012987253e+01
9.869227994227993861e+01
9.871933621933621339e+01
9.864718614718614731e+01
9.854797979797980645e+01
9.773629148629147778e+01
9.645562770562770538e+01
9.827741702741703023e+01
9.868326118326118035e+01
9.884559884559884324e+01
9.896284271284271483e+01
