8.132215007215006608e+01
8.437950937950937202e+01
8.762626262626262985e+01
9.100829725829726158e+01
9.267676767676768179e+01
9.435425685425686027e+01
9.557178932178932484e+01
9.604076479076478279e+01
9.579725829725829556e+01
9.678932178932178942e+01
9.637445887445888104e+01
9.688852813852814450e+01
9.711399711399711521e+01
9.719516594516593955e+01
9.742063492063492447e+01
9.750180375180374881e+01
9.719516594516593955e+01
9.758297258297258736e+01
9.779942279942279981e+01
9.698773448773448536e+01
9.744769119769119925e+01
9.753787878787878185e+01
9.729437229437229462e+01
9.788059163059162415e+01
9.827741702741703023e+01
9.803391053391052878e+01
9.769119769119770069e+01
9.789862914862914067e+01
9.813311688311688386e+01
9.827741702741703023e+01
9.794372294372294618e+01
9.754689754689755432e+01
9.827741702741703023e+01
9.845779220779220964e+01
9.812409812409812560e+01
9.862914862914863079e+01
9.859307359307358354e+01
9.832251082251082153e+01
9.850288600288600094e+01
9.861111111111111427e+01
9.839466089466088761e+01
9.868326118326118035e+01
9.772727272727273373e+01
9.875541125541124643e+01
9.870129870129869687e+01
9.882756132756132672e+01
9.880952380952381020e+01
9.759199134199134562e+01
9.874639249639250238e+01
9.892676767676768179e+01
9.912518037518037772e+01
9.913419913419913598e+01
9.911616161616161946e+01
9.821428571428570820e+01
9.933261183261183191e+01
9.914321789321789424e+01
9.934163059163059017e+01
9.862914862914863079e+01
9.721320346320347028e+01
9.862012987012987253e+01
9.928751803751804061e+01
9.930555555555555713e+01
9.944985569985570351e+01
9.945887445887446177e+01
9.930555555555555713e+01
9.909812409812410294e+01
9.943181818181817277e+01
9.939574314574313973e+01
9.919733044733044380e+01
9.908910533910534468e+01
9.927849927849928235e+01
9.937770562770562321e+01
9.930555555555555713e+01
9.938672438672439569e+01
9.912518037518037772e+01
9.845779220779220964e+01
9.943181818181817277e+01
9.954004329004328611e+01
9.945887445887446177e+01
9.933261183261183191e+01
9.947691197691197829e+01
9.941378066378065625e+01
9.936868686868687917e+01
9.941378066378065625e+01
9.942279942279942873e+01
9.933261183261183191e+01
9.918831168831168554e+01
9.926046176046176583e+01
9.951298701298701133e+01
9.971139971139970726e+01
9.921536796536796032e+01
9.876443001443001890e+01
9.921536796536796032e+01
9.945887445887446177e+01
9.961219336219335219e+01
9.935966810966810669e+01
9.953102453102452785e+01
9.963023088023088292e+01
9.956709956709957510e+01
9.975649350649349856e+01
