7.139938712972421797e+01
8.998978549540346705e+01
9.570990806945862062e+01
9.683350357507660533e+01
9.652706843718080165e+01
9.744637385086822690e+01
9.805924412665986267e+01
9.693564862104187796e+01
9.765066394279877215e+01
9.765066394279877215e+01
9.846782431052093898e+01
9.918283963227783318e+01
9.938712972420837843e+01
9.938712972420837843e+01
9.948927477017363685e+01
9.948927477017363685e+01
9.969356486210418211e+01
9.969356486210418211e+01
9.979570990806946895e+01
9.928498467824310580e+01
9.918283963227783318e+01
9.948927477017363685e+01
9.816138917262512109e+01
9.856996935648621161e+01
9.816138917262512109e+01
9.877425944841675687e+01
9.867211440245148424e+01
9.908069458631257476e+01
9.877425944841675687e+01
9.959141981613890948e+01
9.928498467824310580e+01
9.918283963227783318e+01
9.918283963227783318e+01
9.959141981613890948e+01
9.959141981613890948e+01
9.969356486210418211e+01
9.989785495403472737e+01
9.969356486210418211e+01
9.969356486210418211e+01
9.979570990806946895e+01
9.979570990806946895e+01
9.979570990806946895e+01
9.979570990806946895e+01
9.979570990806946895e+01
9.969356486210418211e+01
9.989785495403472737e+01
9.969356486210418211e+01
9.969356486210418211e+01
9.969356486210418211e+01
9.969356486210418211e+01
9.969356486210418211e+01
9.959141981613890948e+01
9.989785495403472737e+01
9.979570990806946895e+01
9.959141981613890948e+01
9.979570990806946895e+01
9.969356486210418211e+01
9.969356486210418211e+01
9.979570990806946895e+01
9.989785495403472737e+01
9.989785495403472737e+01
9.969356486210418211e+01
9.979570990806946895e+01
9.979570990806946895e+01
9.938712972420837843e+01
9.775280898876404478e+01
9.203268641470889122e+01
9.703779366700715059e+01
9.948927477017363685e+01
9.918283963227783318e+01
9.928498467824310580e+01
9.918283963227783318e+01
9.938712972420837843e+01
9.959141981613890948e+01
9.948927477017363685e+01
9.979570990806946895e+01
9.877425944841675687e+01
9.897854954034728792e+01
9.908069458631257476e+01
9.867211440245148424e+01
9.948927477017363685e+01
9.948927477017363685e+01
9.969356486210418211e+01
9.979570990806946895e+01
9.979570990806946895e+01
9.969356486210418211e+01
9.969356486210418211e+01
9.989785495403472737e+01
9.969356486210418211e+01
9.979570990806946895e+01
9.938712972420837843e+01
9.969356486210418211e+01
9.969356486210418211e+01
9.989785495403472737e+01
9.969356486210418211e+01
9.989785495403472737e+01
9.979570990806946895e+01
9.979570990806946895e+01
9.989785495403472737e+01
9.979570990806946895e+01
9.989785495403472737e+01
9.969356486210418211e+01
9.979570990806946895e+01
9.969356486210418211e+01
9.979570990806946895e+01
9.989785495403472737e+01
9.979570990806946895e+01
9.979570990806946895e+01
9.969356486210418211e+01
9.989785495403472737e+01
9.969356486210418211e+01
9.979570990806946895e+01
9.979570990806946895e+01
9.969356486210418211e+01
9.979570990806946895e+01
9.979570990806946895e+01
9.969356486210418211e+01
9.969356486210418211e+01
9.969356486210418211e+01
9.989785495403472737e+01
9.989785495403472737e+01
9.979570990806946895e+01
9.989785495403472737e+01
9.959141981613890948e+01
9.969356486210418211e+01
9.969356486210418211e+01
9.979570990806946895e+01
9.969356486210418211e+01
9.989785495403472737e+01
9.969356486210418211e+01
9.969356486210418211e+01
1.000000000000000000e+02
9.969356486210418211e+01
9.989785495403472737e+01
9.969356486210418211e+01
9.969356486210418211e+01
9.836567926455566635e+01
9.366700715015321066e+01
9.785495403472931741e+01
9.775280898876404478e+01
9.867211440245148424e+01
9.969356486210418211e+01
9.969356486210418211e+01
9.969356486210418211e+01
9.969356486210418211e+01
9.979570990806946895e+01
9.969356486210418211e+01
9.969356486210418211e+01
9.979570990806946895e+01
9.989785495403472737e+01
9.969356486210418211e+01
9.969356486210418211e+01
9.959141981613890948e+01
9.979570990806946895e+01
9.979570990806946895e+01
9.979570990806946895e+01
9.959141981613890948e+01
9.979570990806946895e+01
9.989785495403472737e+01
9.969356486210418211e+01
9.969356486210418211e+01
9.928498467824310580e+01
9.826353421859039372e+01
9.724208375893769585e+01
9.856996935648621161e+01
9.948927477017363685e+01
9.979570990806946895e+01
9.969356486210418211e+01
9.969356486210418211e+01
9.989785495403472737e+01
9.969356486210418211e+01
9.969356486210418211e+01
9.979570990806946895e+01
9.989785495403472737e+01
9.969356486210418211e+01
9.969356486210418211e+01
9.979570990806946895e+01
9.979570990806946895e+01
9.989785495403472737e+01
9.989785495403472737e+01
9.979570990806946895e+01
9.979570990806946895e+01
9.989785495403472737e+01
9.959141981613890948e+01
9.979570990806946895e+01
9.969356486210418211e+01
9.969356486210418211e+01
9.969356486210418211e+01
9.969356486210418211e+01
9.969356486210418211e+01
9.979570990806946895e+01
9.969356486210418211e+01
9.979570990806946895e+01
9.989785495403472737e+01
9.969356486210418211e+01
9.989785495403472737e+01
9.979570990806946895e+01
9.979570990806946895e+01
9.979570990806946895e+01
9.969356486210418211e+01
