7.034243295019156506e+01
7.523347701149425859e+01
7.901700191570881771e+01
8.347102490421455911e+01
8.686542145593870146e+01
9.031968390804597391e+01
9.265445402298850297e+01
9.376795977011494188e+01
9.457016283524903599e+01
9.568366858237547490e+01
9.615062260536399208e+01
9.640804597701149703e+01
9.688697318007662318e+01
9.683309386973179755e+01
9.701269157088123052e+01
9.712643678160918626e+01
9.762332375478926849e+01
9.749760536398467536e+01
9.722820881226054723e+01
9.763529693486590588e+01
9.773706896551723844e+01
9.769516283524903599e+01
9.784482758620688969e+01
9.793462643678161328e+01
9.821000957854406010e+01
9.789272030651341083e+01
9.819803639846743692e+01
9.819204980842911823e+01
9.823395593869732068e+01
9.832375478927203005e+01
9.814415708812261130e+01
9.821599616858237880e+01
9.859315134099617239e+01
9.828184865900382761e+01
9.841954022988505812e+01
9.858117816091953500e+01
9.837763409961685568e+01
9.854525862068965125e+01
9.882662835249041677e+01
9.848539272030650693e+01
9.881465517241379359e+01
9.874281609195402609e+01
9.864104406130267932e+01
9.895234674329500990e+01
9.863505747126436063e+01
9.861111111111111427e+01
9.882662835249041677e+01
9.917983716475096401e+01
9.871288314176244683e+01
9.912595785440613838e+01
9.888050766283524240e+01
9.898227969348658917e+01
9.906010536398467536e+01
9.901819923371647292e+01
9.908405172413793593e+01
9.909602490421455911e+01
9.909602490421455911e+01
9.917385057471264531e+01
9.898227969348658917e+01
9.911997126436780547e+01
9.911997126436780547e+01
9.929358237547893395e+01
9.913793103448276156e+01
9.892840038314176354e+01
9.941331417624522260e+01
9.926963601532567338e+01
9.919779693486590588e+01
9.928759578544060105e+01
9.913793103448276156e+01
9.932950191570881771e+01
9.937140804597702015e+01
9.926963601532567338e+01
9.935344827586206407e+01
9.933548850574712219e+01
9.955100574712643891e+01
9.917983716475096401e+01
9.928759578544060105e+01
9.929358237547893395e+01
9.940732758620688969e+01
9.930555555555555713e+01
9.931154214559386162e+01
9.950909961685823646e+01
9.939535440613026651e+01
9.944324712643678765e+01
9.939535440613026651e+01
9.944923371647509214e+01
9.935943486590038276e+01
9.941930076628352708e+01
9.955699233716475760e+01
9.938936781609196203e+01
9.879669540229885172e+01
9.943726053639846896e+01
9.949113984674329458e+01
9.941930076628352708e+01
9.956896551724138078e+01
9.961087164750958323e+01
9.951508620689655515e+01
9.964679118773945277e+01
9.962284482758620641e+01
9.952107279693485964e+01
9.953304597701149703e+01
9.968869731800765521e+01
9.933548850574712219e+01
9.946719348659003401e+01
9.937140804597702015e+01
9.952107279693485964e+01
9.965277777777778567e+01
9.969468390804597391e+01
9.949712643678161328e+01
9.946719348659003401e+01
9.963481800766284380e+01
9.945522030651341083e+01
9.931154214559386162e+01
9.966475095785440885e+01
9.968869731800765521e+01
9.935344827586206407e+01
9.937140804597702015e+01
9.958093869731800396e+01
9.971863026819923448e+01
9.975454980842911823e+01
9.955100574712643891e+01
9.963481800766284380e+01
9.952107279693485964e+01
9.961087164750958323e+01
9.959291187739464135e+01
9.976053639846743692e+01
9.960488505747126453e+01
9.969468390804597391e+01
9.962284482758620641e+01
9.958692528735632266e+01
9.953304597701149703e+01
9.955699233716475760e+01
9.964080459770114828e+01
9.955100574712643891e+01
9.978448275862068328e+01
9.964679118773945277e+01
9.968869731800765521e+01
9.952107279693485964e+01
9.959889846743294584e+01
9.971264367816091578e+01
9.952705938697317833e+01
9.968271072796935073e+01
9.968869731800765521e+01
9.965277777777778567e+01
9.957495210727968526e+01
9.973659003831417635e+01
9.973060344827587187e+01
9.951508620689655515e+01
9.955699233716475760e+01
9.968869731800765521e+01
9.982638888888888573e+01
9.965876436781609016e+01
9.959889846743294584e+01
9.961087164750958323e+01
9.966475095785440885e+01
9.959291187739464135e+01
9.977849616858237880e+01
9.982040229885058125e+01
9.955699233716475760e+01
9.968869731800765521e+01
9.975454980842911823e+01
9.965277777777778567e+01
9.961685823754788771e+01
9.983836206896550891e+01
9.964679118773945277e+01
9.974257662835248084e+01
9.973060344827587187e+01
9.966475095785440885e+01
9.967672413793103203e+01
9.963481800766284380e+01
9.967073754789271334e+01
9.974257662835248084e+01
9.963481800766284380e+01
9.976652298850574141e+01
9.968869731800765521e+01
9.967672413793103203e+01
9.963481800766284380e+01
9.967073754789271334e+01
9.971863026819923448e+01
9.979645593869732068e+01
9.962883141762452510e+01
9.977250957854406010e+01
9.972461685823755317e+01
9.977250957854406010e+01
9.971863026819923448e+01
9.974257662835248084e+01
9.977250957854406010e+01
9.962883141762452510e+01
9.976652298850574141e+01
9.961087164750958323e+01
9.967073754789271334e+01
9.982638888888888573e+01
9.954501915708812021e+01
9.970067049808429260e+01
9.980842911877394386e+01
9.991020114942529062e+01
9.970067049808429260e+01
9.938936781609196203e+01
9.968271072796935073e+01
9.970665708812261130e+01
