7.505446623093682490e+01
7.921724245253656704e+01
8.227513227513227889e+01
8.552754435107375741e+01
8.880718954248365549e+01
9.139044506691566028e+01
9.311780267662619792e+01
9.433940242763772233e+01
9.505524431995020507e+01
9.586445689386864899e+01
9.616013071895424957e+01
9.647914721444132624e+01
9.639355742296919516e+01
9.697712418300653781e+01
9.709772798008091854e+01
9.735449735449735442e+01
9.735838779956426947e+01
9.757625272331155486e+01
9.739340180516651913e+01
9.765406162464985584e+01
9.747121070650483432e+01
9.771630874572051084e+01
9.774743230625583124e+01
9.803532524120758751e+01
9.759570494864611589e+01
9.797696856520386177e+01
9.806255835667599285e+01
9.800031123560535207e+01
9.812091503267973280e+01
9.809757236227824251e+01
9.828820417055710834e+01
9.826097105508870300e+01
9.823762838468719849e+01
9.836601307189542354e+01
9.817538126361655770e+01
9.841269841269840413e+01
9.838546529722999878e+01
9.859165888577653902e+01
9.842047930283224844e+01
9.824929971988794364e+01
9.819483348895113295e+01
9.884064737005913059e+01
9.865001556178026476e+01
9.850995953937130878e+01
9.866168689698100991e+01
9.872782446311857996e+01
9.868113912231559937e+01
9.862278244631185942e+01
9.876283846872082961e+01
9.887177093059446520e+01
9.894568938686585113e+01
9.875505757858698530e+01
9.873560535325241005e+01
9.861111111111111427e+01
9.891845627139744579e+01
9.855664488017428937e+01
9.903516962340491148e+01
9.893401805166510599e+01
9.912464985994398603e+01
9.906629318394024608e+01
9.915577342047929221e+01
9.896514161220044059e+01
9.910908807967631162e+01
9.913243075007780192e+01
9.898070339246810079e+01
9.905462184873950093e+01
9.916355431061313652e+01
9.911686896981014172e+01
9.908963585434173638e+01
9.917522564581388167e+01
9.910908807967631162e+01
9.927637721755368716e+01
9.925692499221911191e+01
9.925692499221911191e+01
9.923747276688452246e+01
9.931917211328975270e+01
9.930750077808900755e+01
9.932306255835668196e+01
9.924136321195145172e+01
9.936585745409274750e+01
9.916355431061313652e+01
9.939698101462806790e+01
9.929971988795517746e+01
9.941254279489572809e+01
9.924136321195145172e+01
9.940087145969498295e+01
9.940087145969498295e+01
9.934251478369124300e+01
9.926859632741985706e+01
9.939309056956116706e+01
9.942810457516340250e+01
9.954092748210395314e+01
9.943977591036414765e+01
9.945533769063180785e+01
9.926081543728602696e+01
9.952536570183629294e+01
9.941254279489572809e+01
9.944366635543106270e+01
9.939309056956116706e+01
9.943977591036414765e+01
