8.036616161616161946e+01
8.549783549783549574e+01
8.919552669552669499e+01
9.166666666666665719e+01
9.347041847041846552e+01
9.494949494949494806e+01
9.525613275613275732e+01
9.623917748917747872e+01
9.644660894660894712e+01
9.668109668109667609e+01
9.653679653679652972e+01
9.751984126984126533e+01
9.677128427128427290e+01
9.715007215007214825e+01
9.768217893217892822e+01
9.758297258297258736e+01
9.764610389610389518e+01
9.714105339105338999e+01
9.766414141414141170e+01
9.761002886002886214e+01
9.770923520923521721e+01
9.791666666666665719e+01
9.761904761904762040e+01
9.796176046176046270e+01
9.831349206349206327e+01
9.841269841269840413e+01
9.798881673881673748e+01
9.829545454545454675e+01
9.849386724386724268e+01
9.828643578643578849e+01
9.838564213564214356e+01
9.851190476190477341e+01
9.843975468975469312e+01
9.852092352092351746e+01
9.834956709956711052e+01
9.833152958152957979e+01
9.852994227994228993e+01
9.865620490620490557e+01
9.887265512265511802e+01
9.879148629148629368e+01
9.850288600288600094e+01
9.869227994227993861e+01
9.844877344877345138e+01
9.876443001443001890e+01
9.906204906204905569e+01
9.865620490620490557e+01
9.895382395382395657e+01
9.888167388167387628e+01
9.908008658008657221e+01
9.874639249639250238e+01
9.925144300144299336e+01
9.905303030303029743e+01
9.897186147186147309e+01
9.933261183261183191e+01
9.904401154401153917e+01
9.934163059163059017e+01
9.924242424242424931e+01
9.892676767676768179e+01
9.929653679653679887e+01
9.939574314574313973e+01
9.916125541125541076e+01
9.948593073593073655e+01
9.937770562770562321e+01
9.935966810966810669e+01
9.951298701298701133e+01
9.942279942279942873e+01
9.871933621933621339e+01
9.925144300144299336e+01
9.907106782106782816e+01
9.908910533910534468e+01
9.936868686868687917e+01
9.961219336219335219e+01
9.965728715728715770e+01
9.963924963924964118e+01
9.946789321789322003e+01
9.947691197691197829e+01
9.938672438672439569e+01
9.930555555555555713e+01
9.938672438672439569e+01
9.959415584415583567e+01
9.960317460317460814e+01
9.961219336219335219e+01
9.931457431457431539e+01
9.950396825396825307e+01
9.960317460317460814e+01
9.947691197691197829e+01
9.956709956709957510e+01
9.942279942279942873e+01
9.942279942279942873e+01
9.958513708513709162e+01
9.980158730158730407e+01
9.965728715728715770e+01
9.931457431457431539e+01
9.957611832611831915e+01
9.975649350649349856e+01
9.963023088023088292e+01
9.951298701298701133e+01
9.920634920634921627e+01
9.955808080808080263e+01
9.936868686868687917e+01
