2.338129496402877816e+00
5.413669064748201265e+01
7.913669064748201265e+01
9.280575539568344823e+01
9.820143884892085850e+01
9.856115107913669249e+01
9.784172661870503873e+01
9.874100719424460237e+01
9.910071942446042215e+01
9.910071942446042215e+01
9.856115107913669249e+01
9.892086330935251226e+01
9.910071942446042215e+01
9.892086330935251226e+01
9.928057553956834624e+01
9.874100719424460237e+01
9.892086330935251226e+01
9.910071942446042215e+01
9.874100719424460237e+01
9.892086330935251226e+01
9.892086330935251226e+01
9.874100719424460237e+01
9.910071942446042215e+01
9.892086330935251226e+01
9.874100719424460237e+01
9.892086330935251226e+01
9.910071942446042215e+01
9.892086330935251226e+01
9.892086330935251226e+01
9.874100719424460237e+01
9.856115107913669249e+01
9.856115107913669249e+01
9.874100719424460237e+01
9.892086330935251226e+01
9.874100719424460237e+01
9.946043165467625613e+01
9.910071942446042215e+01
9.946043165467625613e+01
9.910071942446042215e+01
9.964028776978418023e+01
9.928057553956834624e+01
9.874100719424460237e+01
9.910071942446042215e+01
9.982014388489209011e+01
9.928057553956834624e+01
9.928057553956834624e+01
9.856115107913669249e+01
9.946043165467625613e+01
9.874100719424460237e+01
9.910071942446042215e+01
9.910071942446042215e+01
9.856115107913669249e+01
9.892086330935251226e+01
9.856115107913669249e+01
9.910071942446042215e+01
9.928057553956834624e+01
9.874100719424460237e+01
9.946043165467625613e+01
9.892086330935251226e+01
9.910071942446042215e+01
9.928057553956834624e+01
9.892086330935251226e+01
9.928057553956834624e+01
9.928057553956834624e+01
9.910071942446042215e+01
9.856115107913669249e+01
9.856115107913669249e+01
9.928057553956834624e+01
9.892086330935251226e+01
9.892086330935251226e+01
9.910071942446042215e+01
9.856115107913669249e+01
9.892086330935251226e+01
9.874100719424460237e+01
9.874100719424460237e+01
9.874100719424460237e+01
9.892086330935251226e+01
9.892086330935251226e+01
9.892086330935251226e+01
9.928057553956834624e+01
9.874100719424460237e+01
9.910071942446042215e+01
9.874100719424460237e+01
9.874100719424460237e+01
9.892086330935251226e+01
9.892086330935251226e+01
9.910071942446042215e+01
9.892086330935251226e+01
9.928057553956834624e+01
9.910071942446042215e+01
9.892086330935251226e+01
9.910071942446042215e+01
9.892086330935251226e+01
9.874100719424460237e+01
9.874100719424460237e+01
9.910071942446042215e+01
9.892086330935251226e+01
9.928057553956834624e+01
9.910071942446042215e+01
9.856115107913669249e+01
9.910071942446042215e+01
9.910071942446042215e+01
9.892086330935251226e+01
9.928057553956834624e+01
9.874100719424460237e+01
9.964028776978418023e+01
9.928057553956834624e+01
9.910071942446042215e+01
9.910071942446042215e+01
9.928057553956834624e+01
9.910071942446042215e+01
9.892086330935251226e+01
9.856115107913669249e+01
9.874100719424460237e+01
9.856115107913669249e+01
9.892086330935251226e+01
9.892086330935251226e+01
9.928057553956834624e+01
9.874100719424460237e+01
9.928057553956834624e+01
9.892086330935251226e+01
9.892086330935251226e+01
9.928057553956834624e+01
9.910071942446042215e+01
9.928057553956834624e+01
9.892086330935251226e+01
9.910071942446042215e+01
9.856115107913669249e+01
9.964028776978418023e+01
9.874100719424460237e+01
9.910071942446042215e+01
9.856115107913669249e+01
9.856115107913669249e+01
9.964028776978418023e+01
9.928057553956834624e+01
9.910071942446042215e+01
9.892086330935251226e+01
9.928057553956834624e+01
9.838129496402878260e+01
9.910071942446042215e+01
9.910071942446042215e+01
9.856115107913669249e+01
9.928057553956834624e+01
9.874100719424460237e+01
9.874100719424460237e+01
9.874100719424460237e+01
9.838129496402878260e+01
9.892086330935251226e+01
9.874100719424460237e+01
9.892086330935251226e+01
9.910071942446042215e+01
9.928057553956834624e+01
9.928057553956834624e+01
9.928057553956834624e+01
9.910071942446042215e+01
9.910071942446042215e+01
9.910071942446042215e+01
9.874100719424460237e+01
9.892086330935251226e+01
9.910071942446042215e+01
9.928057553956834624e+01
9.910071942446042215e+01
9.910071942446042215e+01
9.910071942446042215e+01
9.874100719424460237e+01
9.874100719424460237e+01
9.874100719424460237e+01
9.892086330935251226e+01
9.928057553956834624e+01
9.910071942446042215e+01
9.874100719424460237e+01
9.892086330935251226e+01
9.928057553956834624e+01
9.910071942446042215e+01
9.928057553956834624e+01
9.946043165467625613e+01
9.892086330935251226e+01
9.874100719424460237e+01
9.910071942446042215e+01
9.874100719424460237e+01
9.928057553956834624e+01
9.856115107913669249e+01
9.892086330935251226e+01
9.874100719424460237e+01
9.910071942446042215e+01
9.910071942446042215e+01
9.946043165467625613e+01
9.928057553956834624e+01
9.910071942446042215e+01
9.892086330935251226e+01
9.892086330935251226e+01
9.928057553956834624e+01
9.892086330935251226e+01
9.892086330935251226e+01
9.892086330935251226e+01
9.892086330935251226e+01
9.928057553956834624e+01
9.856115107913669249e+01
9.910071942446042215e+01
9.874100719424460237e+01
