6.982074438970991537e+01
7.534209085933223093e+01
7.892720306513409412e+01
8.382594417077176274e+01
8.798576902025178015e+01
9.170771756978653855e+01
9.303503010399562356e+01
9.445812807881773665e+01
9.510125889436234559e+01
9.558018609742747174e+01
9.633278598795840253e+01
9.642857142857143060e+01
9.681171319102354289e+01
9.661330049261084696e+01
9.725643130815544168e+01
9.721538040503557454e+01
9.782430213464697033e+01
9.748905309250136497e+01
9.786535303776683747e+01
9.725643130815544168e+01
9.783114395183361012e+01
9.774220032840722183e+01
9.792008757525998419e+01
9.814586754241926769e+01
9.825533661740558955e+01
9.852900930487137998e+01
9.813902572523261369e+01
9.834428024083196362e+01
9.827586206896550891e+01
9.823481116584564177e+01
9.847427476737820484e+01
9.852216748768472598e+01
9.859058565955118070e+01
9.816639299397920126e+01
9.841269841269840413e+01
9.854953475643131355e+01
9.870005473453748834e+01
9.846743295019156506e+01
9.886425834701697113e+01
9.874110563765736970e+01
9.898741105637657256e+01
9.886425834701697113e+01
9.882320744389710399e+01
9.867268746579091498e+01
9.880268199233715620e+01
9.901477832512316013e+01
9.885741652983031713e+01
9.860426929392446027e+01
9.879584017515051642e+01
9.922003284072249585e+01
9.872742200328407591e+01
9.919950738916256228e+01
9.888478379857690470e+01
9.937739463601532464e+01
9.911056376573618820e+01
9.922687465790913564e+01
9.893951833607006563e+01
9.889162561576354449e+01
9.896688560481663899e+01
9.920634920634921627e+01
9.930213464696223014e+01
9.915845648604269513e+01
9.934318555008209728e+01
9.921319102353585606e+01
9.939792008757525821e+01
9.917214012041598892e+01
9.924740010946906921e+01
9.904898741105637328e+01
9.917898193760262870e+01
9.917214012041598892e+01
9.936371100164204506e+01
9.938423645320196442e+01
9.932950191570881771e+01
9.940476190476191221e+01
9.935002736726875128e+01
9.943897099069512535e+01
9.943212917350848556e+01
9.945949644225505892e+01
9.935002736726875128e+01
9.941844553913519178e+01
9.943897099069512535e+01
9.954159824849480742e+01
9.939792008757525821e+01
9.949370552818828628e+01
9.936371100164204506e+01
9.946633825944171292e+01
9.950054734537494028e+01
9.959633278598796835e+01
9.944581280788177935e+01
9.961001642036124792e+01
9.939107827038860421e+01
9.943212917350848556e+01
9.953475643130815342e+01
9.951423097974821985e+01
9.940476190476191221e+01
9.960317460317460814e+01
9.948686371100163228e+01
9.930897646414888413e+01
9.963054187192118150e+01
9.956896551724138078e+01
