4.862104187946884792e+01
8.243105209397344879e+01
8.988764044943819442e+01
9.458631256384066432e+01
9.519918283963228589e+01
9.713993871297242322e+01
9.724208375893769585e+01
9.724208375893769585e+01
9.877425944841675687e+01
9.856996935648621161e+01
9.918283963227783318e+01
9.948927477017363685e+01
9.928498467824310580e+01
9.887640449438201529e+01
9.959141981613890948e+01
9.846782431052093898e+01
9.713993871297242322e+01
9.887640449438201529e+01
9.887640449438201529e+01
9.897854954034728792e+01
9.816138917262512109e+01
9.908069458631257476e+01
9.846782431052093898e+01
9.826353421859039372e+01
9.959141981613890948e+01
9.938712972420837843e+01
9.959141981613890948e+01
9.877425944841675687e+01
9.867211440245148424e+01
9.887640449438201529e+01
9.897854954034728792e+01
9.959141981613890948e+01
9.969356486210418211e+01
9.897854954034728792e+01
9.948927477017363685e+01
9.948927477017363685e+01
9.948927477017363685e+01
9.918283963227783318e+01
9.908069458631257476e+01
9.928498467824310580e+01
9.928498467824310580e+01
9.959141981613890948e+01
9.979570990806946895e+01
9.948927477017363685e+01
9.969356486210418211e+01
9.938712972420837843e+01
9.989785495403472737e+01
9.938712972420837843e+01
9.897854954034728792e+01
9.724208375893769585e+01
9.867211440245148424e+01
9.856996935648621161e+01
9.918283963227783318e+01
9.948927477017363685e+01
9.918283963227783318e+01
9.969356486210418211e+01
9.948927477017363685e+01
9.918283963227783318e+01
9.877425944841675687e+01
9.938712972420837843e+01
9.948927477017363685e+01
9.918283963227783318e+01
9.948927477017363685e+01
9.908069458631257476e+01
9.887640449438201529e+01
9.908069458631257476e+01
9.908069458631257476e+01
9.918283963227783318e+01
9.959141981613890948e+01
9.918283963227783318e+01
9.948927477017363685e+01
9.969356486210418211e+01
9.928498467824310580e+01
9.938712972420837843e+01
9.959141981613890948e+01
9.969356486210418211e+01
9.959141981613890948e+01
9.959141981613890948e+01
9.948927477017363685e+01
9.969356486210418211e+01
9.959141981613890948e+01
9.979570990806946895e+01
9.948927477017363685e+01
9.938712972420837843e+01
9.938712972420837843e+01
9.826353421859039372e+01
9.887640449438201529e+01
9.918283963227783318e+01
9.897854954034728792e+01
9.928498467824310580e+01
9.948927477017363685e+01
9.938712972420837843e+01
9.948927477017363685e+01
9.948927477017363685e+01
9.959141981613890948e+01
9.938712972420837843e+01
9.969356486210418211e+01
9.959141981613890948e+01
9.959141981613890948e+01
9.969356486210418211e+01
