1.421800947867298603e+00
5.497630331753554600e+01
8.530805687203792331e+01
9.123222748815166483e+01
9.597156398104264952e+01
9.786729857819904055e+01
9.952606635071089158e+01
9.976303317535546000e+01
9.976303317535546000e+01
9.976303317535546000e+01
9.976303317535546000e+01
9.976303317535546000e+01
9.976303317535546000e+01
9.952606635071089158e+01
9.976303317535546000e+01
9.976303317535546000e+01
9.952606635071089158e+01
9.952606635071089158e+01
1.000000000000000000e+02
9.976303317535546000e+01
9.952606635071089158e+01
9.976303317535546000e+01
9.976303317535546000e+01
9.976303317535546000e+01
9.952606635071089158e+01
9.976303317535546000e+01
9.952606635071089158e+01
9.976303317535546000e+01
1.000000000000000000e+02
9.976303317535546000e+01
9.952606635071089158e+01
9.976303317535546000e+01
1.000000000000000000e+02
1.000000000000000000e+02
9.952606635071089158e+01
9.952606635071089158e+01
9.976303317535546000e+01
9.976303317535546000e+01
9.952606635071089158e+01
9.976303317535546000e+01
9.976303317535546000e+01
9.976303317535546000e+01
9.976303317535546000e+01
9.976303317535546000e+01
9.976303317535546000e+01
9.976303317535546000e+01
9.976303317535546000e+01
9.952606635071089158e+01
9.952606635071089158e+01
9.976303317535546000e+01
9.976303317535546000e+01
1.000000000000000000e+02
9.976303317535546000e+01
1.000000000000000000e+02
9.976303317535546000e+01
9.976303317535546000e+01
9.976303317535546000e+01
9.976303317535546000e+01
9.976303317535546000e+01
9.952606635071089158e+01
9.952606635071089158e+01
9.976303317535546000e+01
9.952606635071089158e+01
9.976303317535546000e+01
9.976303317535546000e+01
9.976303317535546000e+01
9.976303317535546000e+01
9.976303317535546000e+01
9.952606635071089158e+01
9.952606635071089158e+01
9.976303317535546000e+01
9.952606635071089158e+01
9.976303317535546000e+01
9.976303317535546000e+01
9.976303317535546000e+01
1.000000000000000000e+02
9.952606635071089158e+01
9.976303317535546000e+01
9.952606635071089158e+01
9.976303317535546000e+01
9.976303317535546000e+01
9.952606635071089158e+01
9.952606635071089158e+01
9.952606635071089158e+01
9.976303317535546000e+01
9.976303317535546000e+01
9.952606635071089158e+01
9.976303317535546000e+01
9.976303317535546000e+01
9.952606635071089158e+01
9.976303317535546000e+01
9.976303317535546000e+01
9.976303317535546000e+01
9.976303317535546000e+01
9.952606635071089158e+01
9.976303317535546000e+01
9.976303317535546000e+01
9.976303317535546000e+01
9.976303317535546000e+01
9.976303317535546000e+01
9.976303317535546000e+01
9.976303317535546000e+01
9.976303317535546000e+01
9.976303317535546000e+01
1.000000000000000000e+02
9.976303317535546000e+01
9.952606635071089158e+01
9.976303317535546000e+01
9.976303317535546000e+01
9.976303317535546000e+01
9.952606635071089158e+01
9.976303317535546000e+01
9.952606635071089158e+01
9.952606635071089158e+01
9.952606635071089158e+01
9.810426540284360897e+01
9.644549763033175793e+01
9.573459715639810952e+01
9.573459715639810952e+01
9.763033175355450055e+01
9.976303317535546000e+01
9.952606635071089158e+01
9.952606635071089158e+01
9.952606635071089158e+01
9.976303317535546000e+01
9.976303317535546000e+01
9.952606635071089158e+01
9.976303317535546000e+01
9.952606635071089158e+01
9.976303317535546000e+01
1.000000000000000000e+02
9.976303317535546000e+01
9.976303317535546000e+01
9.976303317535546000e+01
9.952606635071089158e+01
1.000000000000000000e+02
9.952606635071089158e+01
9.976303317535546000e+01
9.976303317535546000e+01
9.976303317535546000e+01
9.976303317535546000e+01
9.952606635071089158e+01
9.976303317535546000e+01
9.976303317535546000e+01
9.976303317535546000e+01
9.952606635071089158e+01
9.952606635071089158e+01
1.000000000000000000e+02
9.976303317535546000e+01
9.952606635071089158e+01
9.976303317535546000e+01
9.952606635071089158e+01
9.952606635071089158e+01
9.952606635071089158e+01
9.976303317535546000e+01
9.976303317535546000e+01
9.976303317535546000e+01
9.976303317535546000e+01
9.976303317535546000e+01
9.976303317535546000e+01
9.976303317535546000e+01
9.976303317535546000e+01
1.000000000000000000e+02
9.976303317535546000e+01
9.952606635071089158e+01
9.976303317535546000e+01
1.000000000000000000e+02
9.952606635071089158e+01
9.976303317535546000e+01
9.976303317535546000e+01
9.976303317535546000e+01
9.976303317535546000e+01
9.976303317535546000e+01
9.976303317535546000e+01
9.952606635071089158e+01
1.000000000000000000e+02
9.952606635071089158e+01
9.976303317535546000e+01
9.952606635071089158e+01
9.976303317535546000e+01
1.000000000000000000e+02
9.952606635071089158e+01
9.976303317535546000e+01
9.976303317535546000e+01
9.976303317535546000e+01
9.952606635071089158e+01
9.976303317535546000e+01
9.952606635071089158e+01
9.952606635071089158e+01
9.976303317535546000e+01
1.000000000000000000e+02
9.952606635071089158e+01
9.976303317535546000e+01
1.000000000000000000e+02
1.000000000000000000e+02
9.976303317535546000e+01
9.952606635071089158e+01
1.000000000000000000e+02
9.976303317535546000e+01
9.976303317535546000e+01
