6.495778867102396248e+01
7.605528322440086697e+01
7.769267429193899943e+01
7.886369825708059977e+01
7.986451525054467027e+01
8.130446623093682490e+01
8.205678104575163445e+01
8.341503267973855884e+01
8.473243464052288232e+01
8.631876361655773167e+01
8.773148148148148096e+01
8.902505446623094087e+01
8.835443899782134736e+01
8.970588235294117396e+01
9.165645424836601762e+01
9.232366557734205514e+01
9.302151416122003980e+01
9.366149237472767197e+01
9.405637254901961342e+01
9.412785947712418988e+01
9.446146514161219443e+01
9.481889978213507675e+01
9.507421023965140705e+01
9.560185185185184764e+01
9.553717320261438317e+01
9.580950435729846504e+01
9.574822984749454235e+01
9.604438997821350199e+01
9.596609477124182774e+01
9.603417755991286242e+01
9.656181917211328880e+01
9.609204793028321490e+01
9.645969498910676521e+01
9.644948257080609721e+01
9.673883442265794486e+01
9.666734749455338260e+01
9.678649237472767197e+01
9.678308823529411598e+01
9.702478213507625071e+01
9.687840413943355600e+01
9.701456971677559693e+01
9.701456971677559693e+01
9.709967320261438317e+01
9.710988562091503695e+01
9.711328976034859295e+01
9.703839869281046049e+01
9.728009259259259522e+01
9.719839324618736498e+01
9.741285403050109437e+01
9.728349673202613701e+01
9.718137254901961342e+01
9.751157407407407618e+01
9.739583333333334281e+01
9.755582788671024730e+01
9.747753267973855884e+01
9.749795751633986640e+01
9.757625272331155486e+01
9.758986928104575043e+01
9.767156862745098067e+01
9.758306100217865264e+01
9.765114379084967311e+01
9.762391067538126777e+01
9.778050108932461626e+01
9.776348039215686470e+01
9.752519063180827175e+01
9.779071350762527004e+01
9.780092592592592382e+01
9.785879629629629051e+01
9.775667211328975270e+01
9.794049564270153496e+01
9.784177559912853894e+01
9.792347494553376919e+01
9.779411764705882604e+01
9.773284313725490335e+01
9.809027777777778567e+01
9.789964596949890563e+01
9.814133986928104036e+01
9.798474945533769187e+01
9.792687908496732518e+01
9.803581154684096077e+01
9.797794117647057988e+01
9.802900326797386299e+01
9.823665577342048039e+01
9.815495642701525014e+01
9.791666666666665719e+01
9.801538671023965321e+01
9.820261437908496305e+01
9.818218954248365549e+01
9.819580610021786526e+01
9.806304466230938033e+01
9.814133986928104036e+01
9.820261437908496305e+01
9.814474400871459636e+01
9.818559368191721148e+01
9.808346949891067368e+01
9.824346405228757817e+01
9.814474400871459636e+01
9.831495098039215463e+01
9.829452614379084707e+01
9.830814270152505685e+01
9.830814270152505685e+01
9.830814270152505685e+01
9.831495098039215463e+01
9.828431372549019329e+01
9.840345860566448266e+01
9.826048474945532973e+01
9.831495098039215463e+01
9.813112745098038658e+01
9.819240196078430927e+01
9.838984204793028709e+01
9.841707516339869244e+01
9.832516339869280841e+01
9.753199891067538374e+01
9.818559368191721148e+01
9.822303921568627061e+01
9.841367102396515065e+01
9.847494553376905913e+01
9.857366557734205514e+01
9.854983660130719159e+01
9.853622004357298181e+01
9.852600762527232803e+01
9.852941176470588402e+01
9.834899237472767197e+01
9.848175381263615691e+01
9.853962418300653781e+01
9.848856209150326890e+01
9.854643246187363559e+01
9.848515795206971291e+01
9.836941721132897953e+01
9.862813180827886583e+01
9.858387799564269471e+01
9.857026143790849915e+01
9.862813180827886583e+01
9.848175381263615691e+01
9.856345315904138715e+01
9.861111111111111427e+01
9.850217864923746447e+01
9.841026688453159466e+01
9.862472766884530984e+01
9.860770697167755827e+01
9.864174836601307561e+01
9.871663943355119386e+01
9.863834422657951961e+01
9.856685729847494315e+01
9.873366013071895964e+01
9.863153594771242183e+01
9.870642701525054008e+01
9.870983115468409608e+01
9.877450980392157476e+01
9.869621459694990051e+01
9.859068627450980671e+01
9.878131808278867254e+01
9.872344771241830585e+01
9.860089869281046049e+01
9.867919389978213474e+01
9.871323529411765207e+01
9.878472222222221433e+01
9.883918845315903923e+01
9.878812636165577032e+01
9.868259803921569073e+01
9.872004357298474986e+01
9.886642156862744457e+01
9.875748910675380898e+01
9.883578431372549744e+01
9.888344226579521035e+01
9.886642156862744457e+01
9.891407952069715748e+01
9.878131808278867254e+01
9.899237472766884594e+01
9.892769607843136725e+01
9.879833877995642410e+01
9.887663398692811256e+01
9.901960784313726549e+01
9.879493464052288232e+01
9.901620370370370949e+01
9.890727124183005969e+01
9.900599128540305571e+01
9.894471677559913303e+01
9.901279956427015350e+01
9.895492919389977260e+01
9.895152505446623081e+01
9.896854575163398238e+01
9.899577886710240193e+01
9.890046296296296191e+01
9.906726579520696419e+01
9.888003812636165435e+01
9.905364923747276862e+01
9.904003267973855884e+01
9.900258714596949972e+01
9.911151960784313530e+01
9.915577342047929221e+01
9.897875816993465037e+01
9.887663398692811256e+01
9.908428649237472996e+01
9.906386165577342240e+01
9.903322440087146106e+01
9.919662309368190733e+01
9.922726034858388289e+01
9.909790305010893974e+01
9.904343681917211484e+01
