7.292007080610022740e+01
7.886369825708059977e+01
8.139637799564269471e+01
8.433415032679738488e+01
8.769744008714597783e+01
9.036288126361655770e+01
9.205814270152505685e+01
9.377382897603484935e+01
9.454997276688452246e+01
9.523760893246186754e+01
9.564270152505446276e+01
9.618395969498911313e+01
9.619757625272330870e+01
9.674223856209150085e+01
9.705201525054467027e+01
9.689882897603484935e+01
9.690904139433551734e+01
9.726647603485838545e+01
9.732775054466230813e+01
9.756604030501088687e+01
9.769539760348583002e+01
9.767497276688452246e+01
9.773965141612201535e+01
9.796092047930284252e+01
9.775326797385621092e+01
9.809368191721132746e+01
9.825027233115469016e+01
9.806644880174292211e+01
9.833537581699346219e+01
9.835580065359476976e+01
9.823325163398692439e+01
9.819580610021786526e+01
9.852600762527232803e+01
9.839324618736384309e+01
9.824005991285402217e+01
9.836601307189542354e+01
9.862472766884530984e+01
9.862813180827886583e+01
9.851579520697167425e+01
9.867919389978213474e+01
9.853281590413944002e+01
9.875408496732026720e+01
9.877791394335511654e+01
9.871663943355119386e+01
9.875748910675380898e+01
9.863494008714597783e+01
9.880514705882352189e+01
9.869621459694990051e+01
9.896173747276688459e+01
9.899577886710240193e+01
9.879833877995642410e+01
9.891748366013072769e+01
9.902301198257080728e+01
9.896173747276688459e+01
9.879153050108932632e+01
9.910811546840957931e+01
9.915917755991286242e+01
9.899577886710240193e+01
9.911492374727669130e+01
9.893450435729846504e+01
9.898897058823528994e+01
9.919321895424836555e+01
9.924087690631809267e+01
9.930555555555555713e+01
9.924087690631809267e+01
9.910811546840957931e+01
9.919662309368190733e+01
9.877791394335511654e+01
9.930895969498911313e+01
9.951320806100217453e+01
9.939746732026144116e+01
9.949959150326796475e+01
9.932598039215686470e+01
9.925449346405228823e+01
9.925108932461873223e+01
9.927832244008713758e+01
9.941789215686273451e+01
9.941108387799563673e+01
9.944852941176471006e+01
9.922726034858388289e+01
9.943491285403050028e+01
9.940087145969498295e+01
9.939746732026144116e+01
9.937704248366013360e+01
9.940427559912853894e+01
9.930895969498911313e+01
9.938725490196078738e+01
9.942810457516340250e+01
9.947576252723311541e+01
9.949618736383442297e+01
9.939746732026144116e+01
9.953703703703703809e+01
9.940427559912853894e+01
9.945874183006534963e+01
9.934980936819172825e+01
9.940767973856209494e+01
9.946555010893246163e+01
9.754221132897603752e+01
9.930895969498911313e+01
9.952342047930284252e+01
