7.584438131313132203e+01
8.851010101010101039e+01
9.181660353535353636e+01
9.405776515151515582e+01
9.459438131313132203e+01
9.554135101010101039e+01
9.566761363636364024e+01
9.681976010101010388e+01
9.713541666666665719e+01
9.721433080808080263e+01
9.770359848484848442e+01
9.819286616161616621e+01
9.809027777777778567e+01
9.811395202020202078e+01
9.822443181818182723e+01
9.849273989898989612e+01
9.863478535353534937e+01
9.861900252525252597e+01
9.846117424242424931e+01
9.888731060606060908e+01
9.886363636363635976e+01
9.888731060606060908e+01
9.903724747474747403e+01
9.883207070707071296e+01
9.887152777777778567e+01
9.907670454545454675e+01
9.925820707070707272e+01
9.902935606060606233e+01
9.908459595959595845e+01
9.927398989898989612e+01
9.922664141414141170e+01
9.921875000000000000e+01
9.925820707070707272e+01
9.925820707070707272e+01
9.952651515151515582e+01
9.943181818181817277e+01
9.910037878787878185e+01
9.927398989898989612e+01
9.929766414141414543e+01
9.925031565656566102e+01
9.947127525252524549e+01
9.947127525252524549e+01
9.930555555555555713e+01
9.965277777777778567e+01
9.960542929292928704e+01
9.927398989898989612e+01
9.934501262626262985e+01
9.978693181818182723e+01
9.955018939393939092e+01
9.936079545454545325e+01
9.958175505050505194e+01
9.953440656565656752e+01
9.948705808080808310e+01
9.953440656565656752e+01
9.964488636363635976e+01
9.981060606060606233e+01
9.919507575757575069e+01
9.987373737373737015e+01
9.969223484848484418e+01
9.943181818181817277e+01
9.970012626262627009e+01
9.954229797979797922e+01
9.954229797979797922e+01
9.972380050505050519e+01
9.917929292929292728e+01
9.970012626262627009e+01
9.984217171717170913e+01
9.992108585858585457e+01
9.947127525252524549e+01
9.970801767676768179e+01
9.983428030303029743e+01
9.970012626262627009e+01
9.951862373737372991e+01
9.954229797979797922e+01
9.971590909090909349e+01
9.966066919191919737e+01
9.983428030303029743e+01
9.987373737373737015e+01
9.946338383838383379e+01
9.953440656565656752e+01
9.965277777777778567e+01
9.977114898989898961e+01
9.978693181818182723e+01
9.959753787878787534e+01
9.979482323232323893e+01
9.990530303030303116e+01
9.956597222222221433e+01
9.970012626262627009e+01
9.981060606060606233e+01
9.978693181818182723e+01
9.978693181818182723e+01
9.949494949494949481e+01
9.964488636363635976e+01
9.988952020202019355e+01
9.970012626262627009e+01
9.984217171717170913e+01
9.951073232323231821e+01
9.979482323232323893e+01
9.951073232323231821e+01
9.989741161616161946e+01
9.974747474747475451e+01
9.973958333333334281e+01
9.962910353535353636e+01
9.975536616161616621e+01
9.992897727272726627e+01
9.984217171717170913e+01
9.970012626262627009e+01
9.969223484848484418e+01
9.966856060606060908e+01
9.987373737373737015e+01
9.969223484848484418e+01
9.987373737373737015e+01
1.000000000000000000e+02
9.997632575757575069e+01
9.962910353535353636e+01
9.945549242424242209e+01
9.988162878787878185e+01
9.979482323232323893e+01
9.953440656565656752e+01
9.976325757575757791e+01
9.983428030303029743e+01
9.992108585858585457e+01
9.992897727272726627e+01
9.958175505050505194e+01
9.981849747474747403e+01
9.991319444444444287e+01
9.996843434343433898e+01
9.979482323232323893e+01
9.983428030303029743e+01
9.962910353535353636e+01
9.989741161616161946e+01
9.984217171717170913e+01
9.983428030303029743e+01
9.978693181818182723e+01
9.982638888888888573e+01
9.994476010101010388e+01
9.975536616161616621e+01
9.991319444444444287e+01
9.983428030303029743e+01
9.976325757575757791e+01
9.973958333333334281e+01
9.968434343434343248e+01
9.986584595959595845e+01
9.988952020202019355e+01
9.998421717171717660e+01
9.973169191919191690e+01
9.975536616161616621e+01
9.973169191919191690e+01
9.976325757575757791e+01
9.997632575757575069e+01
9.994476010101010388e+01
9.979482323232323893e+01
9.988952020202019355e+01
9.970801767676768179e+01
9.977904040404041552e+01
9.994476010101010388e+01
9.984217171717170913e+01
9.985006313131312083e+01
9.988162878787878185e+01
9.948705808080808310e+01
9.989741161616161946e+01
9.987373737373737015e+01
9.989741161616161946e+01
9.973958333333334281e+01
9.992108585858585457e+01
9.983428030303029743e+01
9.979482323232323893e+01
9.968434343434343248e+01
9.984217171717170913e+01
9.992108585858585457e+01
9.985795454545454675e+01
9.997632575757575069e+01
9.985795454545454675e+01
9.980271464646465063e+01
9.970801767676768179e+01
9.988162878787878185e+01
9.992897727272726627e+01
9.976325757575757791e+01
9.989741161616161946e+01
9.992897727272726627e+01
9.988952020202019355e+01
9.994476010101010388e+01
9.985006313131312083e+01
9.978693181818182723e+01
9.975536616161616621e+01
9.985795454545454675e+01
9.992108585858585457e+01
9.998421717171717660e+01
9.970801767676768179e+01
9.988952020202019355e+01
9.977114898989898961e+01
9.986584595959595845e+01
9.995265151515151558e+01
9.975536616161616621e+01
9.983428030303029743e+01
9.981060606060606233e+01
9.996054292929292728e+01
9.989741161616161946e+01
1.000000000000000000e+02
9.999210858585858830e+01
