6.425834701696770423e+01
7.566365626710454251e+01
7.960454296661193041e+01
8.424329501915708818e+01
8.788998357963875208e+01
9.066091954022988375e+01
9.272714833059660577e+01
9.396551724137931672e+01
9.477285166940339423e+01
9.536124794745484223e+01
9.599069512862615738e+01
9.613437328954570660e+01
9.637383689107826967e+01
9.637383689107826967e+01
9.616174055829227996e+01
9.786535303776683747e+01
9.815270935960592169e+01
9.811850027367269433e+01
9.835796387520525741e+01
9.757115489874111347e+01
9.828270388615216291e+01
9.841954022988505812e+01
9.840585659551176434e+01
9.870689655172412813e+01
9.826217843459222934e+01
9.840585659551176434e+01
9.841269841269840413e+01
9.856321839080459313e+01
9.885741652983031713e+01
9.876163108921728906e+01
9.845374931581828548e+01
9.871373836891078213e+01
9.882320744389710399e+01
9.844006568144499170e+01
9.863163656267104784e+01
9.911740558292282799e+01
9.903530377668309370e+01
9.888478379857690470e+01
9.898741105637657256e+01
9.867268746579091498e+01
9.827586206896550891e+01
9.862479474548439384e+01
9.887794198139026491e+01
9.902162014230979992e+01
9.919266557197590828e+01
9.906951286261632106e+01
9.921319102353585606e+01
9.912424740010946778e+01
9.932266009852216371e+01
9.900793650793650613e+01
9.901477832512316013e+01
9.943897099069512535e+01
9.919266557197590828e+01
9.915161466885604113e+01
9.910372194854953420e+01
9.934318555008209728e+01
9.918582375478926849e+01
9.918582375478926849e+01
9.931581828133552392e+01
9.932950191570881771e+01
9.935002736726875128e+01
9.928160919540229656e+01
9.922687465790913564e+01
9.919950738916256228e+01
9.921319102353585606e+01
9.884373289545703756e+01
9.882320744389710399e+01
9.879584017515051642e+01
9.915845648604269513e+01
9.935686918445539106e+01
9.870005473453748834e+01
9.729748221127530883e+01
9.899425287356321235e+01
9.932950191570881771e+01
9.943212917350848556e+01
9.922687465790913564e+01
9.919266557197590828e+01
9.940476190476191221e+01
9.937739463601532464e+01
9.959633278598796835e+01
9.923371647509578963e+01
9.949370552818828628e+01
9.964422550629447528e+01
9.870005473453748834e+01
9.902846195949643970e+01
9.961001642036124792e+01
9.953475643130815342e+01
9.957580733442802057e+01
9.931581828133552392e+01
9.958264915161466035e+01
9.967843459222768843e+01
