7.168856048166392725e+01
7.644362342638204666e+01
8.041187739463600792e+01
8.507115489874111347e+01
8.825944170771757058e+01
9.103037766830870225e+01
9.306239737274219692e+01
9.406130268199234479e+01
9.487547892720306209e+01
9.577859879584018188e+01
9.607279693486590588e+01
9.647646414887793753e+01
9.711275314723590668e+01
9.717432950191570740e+01
9.761904761904762040e+01
9.752326217843459233e+01
9.730432402846196283e+01
9.742747673782156426e+01
9.772851669403394226e+01
9.772167487684728826e+01
9.775588396278051562e+01
9.844690749863164569e+01
9.848111658456485884e+01
9.849480021893815263e+01
9.785166940339354369e+01
9.818691844553913484e+01
9.807060755336617319e+01
9.833059660645866984e+01
9.816639299397920126e+01
9.857006020799123291e+01
9.864532019704434163e+01
9.840585659551176434e+01
9.838533114395183077e+01
9.872742200328407591e+01
9.861795292829775406e+01
9.891215106732347806e+01
9.854953475643131355e+01
9.852216748768472598e+01
9.845374931581828548e+01
9.868637110016420877e+01
9.884373289545703756e+01
9.885741652983031713e+01
9.892583470169677184e+01
9.889162561576354449e+01
9.882320744389710399e+01
9.905582922824301306e+01
9.909688013136288021e+01
9.896004378762998499e+01
9.882320744389710399e+01
9.876847290640394306e+01
9.919950738916256228e+01
9.916529830322933492e+01
9.895320197044334520e+01
9.911740558292282799e+01
9.924055829228242942e+01
9.903530377668309370e+01
9.906267104542966706e+01
9.895320197044334520e+01
9.893267651888341163e+01
9.925424192665572320e+01
9.908319649698960063e+01
9.912424740010946778e+01
9.929529282977557614e+01
9.915845648604269513e+01
9.914477285166940135e+01
9.935002736726875128e+01
9.910372194854953420e+01
9.930213464696223014e+01
9.913108921729610756e+01
9.933634373289545749e+01
9.920634920634921627e+01
9.941844553913519178e+01
9.925424192665572320e+01
9.921319102353585606e+01
9.922687465790913564e+01
9.928845101258893635e+01
9.948002189381499250e+01
9.953475643130815342e+01
9.954159824849480742e+01
9.917214012041598892e+01
9.930897646414888413e+01
9.935002736726875128e+01
9.950054734537494028e+01
9.937739463601532464e+01
9.920634920634921627e+01
9.933634373289545749e+01
9.942528735632183157e+01
9.965106732348111507e+01
9.945265462506841914e+01
9.954844006568144721e+01
9.948002189381499250e+01
9.947318007662835271e+01
9.942528735632183157e+01
9.950738916256158006e+01
9.924740010946906921e+01
9.934318555008209728e+01
9.945265462506841914e+01
9.947318007662835271e+01
9.960317460317460814e+01
9.973316912972084936e+01
