3.850868232890704235e+01
8.273748723186925247e+01
9.274770173646578542e+01
9.713993871297242322e+01
9.856996935648621161e+01
9.877425944841675687e+01
9.928498467824310580e+01
9.938712972420837843e+01
9.969356486210418211e+01
9.959141981613890948e+01
9.948927477017363685e+01
9.948927477017363685e+01
9.959141981613890948e+01
9.897854954034728792e+01
9.918283963227783318e+01
9.836567926455566635e+01
9.877425944841675687e+01
9.908069458631257476e+01
9.938712972420837843e+01
9.938712972420837843e+01
9.959141981613890948e+01
9.959141981613890948e+01
9.959141981613890948e+01
9.928498467824310580e+01
9.969356486210418211e+01
9.979570990806946895e+01
9.959141981613890948e+01
9.969356486210418211e+01
9.969356486210418211e+01
9.959141981613890948e+01
9.908069458631257476e+01
9.928498467824310580e+01
9.948927477017363685e+01
9.948927477017363685e+01
9.948927477017363685e+01
9.938712972420837843e+01
9.959141981613890948e+01
9.979570990806946895e+01
9.948927477017363685e+01
9.938712972420837843e+01
9.928498467824310580e+01
9.897854954034728792e+01
9.938712972420837843e+01
9.948927477017363685e+01
9.959141981613890948e+01
9.969356486210418211e+01
9.897854954034728792e+01
9.928498467824310580e+01
9.928498467824310580e+01
9.969356486210418211e+01
9.969356486210418211e+01
9.938712972420837843e+01
9.928498467824310580e+01
9.908069458631257476e+01
9.969356486210418211e+01
9.959141981613890948e+01
9.979570990806946895e+01
9.969356486210418211e+01
9.979570990806946895e+01
9.969356486210418211e+01
9.979570990806946895e+01
9.979570990806946895e+01
9.979570990806946895e+01
9.979570990806946895e+01
9.979570990806946895e+01
9.979570990806946895e+01
9.979570990806946895e+01
9.989785495403472737e+01
9.969356486210418211e+01
9.979570990806946895e+01
9.989785495403472737e+01
9.989785495403472737e+01
9.959141981613890948e+01
9.979570990806946895e+01
9.969356486210418211e+01
9.969356486210418211e+01
9.979570990806946895e+01
9.979570990806946895e+01
9.979570990806946895e+01
9.979570990806946895e+01
9.969356486210418211e+01
9.959141981613890948e+01
9.979570990806946895e+01
9.979570990806946895e+01
9.948927477017363685e+01
9.948927477017363685e+01
9.969356486210418211e+01
9.867211440245148424e+01
9.836567926455566635e+01
9.867211440245148424e+01
9.826353421859039372e+01
9.918283963227783318e+01
9.959141981613890948e+01
9.979570990806946895e+01
9.969356486210418211e+01
9.979570990806946895e+01
9.948927477017363685e+01
9.979570990806946895e+01
9.948927477017363685e+01
9.959141981613890948e+01
9.938712972420837843e+01
9.887640449438201529e+01
9.877425944841675687e+01
9.959141981613890948e+01
9.959141981613890948e+01
9.989785495403472737e+01
9.969356486210418211e+01
9.979570990806946895e+01
9.979570990806946895e+01
1.000000000000000000e+02
9.959141981613890948e+01
9.989785495403472737e+01
9.979570990806946895e+01
9.989785495403472737e+01
9.969356486210418211e+01
9.979570990806946895e+01
9.989785495403472737e+01
9.979570990806946895e+01
9.969356486210418211e+01
9.989785495403472737e+01
9.969356486210418211e+01
9.989785495403472737e+01
9.979570990806946895e+01
9.969356486210418211e+01
9.979570990806946895e+01
9.969356486210418211e+01
9.989785495403472737e+01
9.969356486210418211e+01
9.979570990806946895e+01
9.979570990806946895e+01
9.969356486210418211e+01
9.979570990806946895e+01
9.979570990806946895e+01
1.000000000000000000e+02
9.979570990806946895e+01
9.979570990806946895e+01
9.979570990806946895e+01
9.969356486210418211e+01
9.979570990806946895e+01
9.989785495403472737e+01
9.989785495403472737e+01
9.979570990806946895e+01
9.979570990806946895e+01
9.979570990806946895e+01
9.979570990806946895e+01
9.979570990806946895e+01
9.989785495403472737e+01
9.989785495403472737e+01
9.969356486210418211e+01
9.979570990806946895e+01
9.979570990806946895e+01
9.979570990806946895e+01
9.979570990806946895e+01
9.989785495403472737e+01
9.989785495403472737e+01
9.989785495403472737e+01
9.979570990806946895e+01
9.989785495403472737e+01
9.969356486210418211e+01
9.989785495403472737e+01
9.989785495403472737e+01
9.969356486210418211e+01
9.969356486210418211e+01
9.959141981613890948e+01
9.959141981613890948e+01
9.979570990806946895e+01
9.989785495403472737e+01
9.989785495403472737e+01
9.969356486210418211e+01
9.969356486210418211e+01
9.979570990806946895e+01
9.979570990806946895e+01
9.989785495403472737e+01
9.989785495403472737e+01
1.000000000000000000e+02
9.989785495403472737e+01
9.989785495403472737e+01
9.989785495403472737e+01
9.969356486210418211e+01
9.979570990806946895e+01
9.989785495403472737e+01
9.989785495403472737e+01
9.979570990806946895e+01
9.989785495403472737e+01
9.979570990806946895e+01
9.989785495403472737e+01
9.979570990806946895e+01
9.979570990806946895e+01
9.979570990806946895e+01
1.000000000000000000e+02
9.979570990806946895e+01
9.969356486210418211e+01
9.979570990806946895e+01
9.989785495403472737e+01
9.979570990806946895e+01
9.989785495403472737e+01
9.969356486210418211e+01
9.969356486210418211e+01
9.959141981613890948e+01
9.979570990806946895e+01
