2.606635071090047440e+00
6.492890995260664511e+01
8.696682464454977435e+01
8.838862559241705696e+01
9.194312796208529903e+01
9.668246445497629793e+01
9.952606635071089158e+01
9.976303317535546000e+01
9.952606635071089158e+01
9.952606635071089158e+01
9.976303317535546000e+01
9.952606635071089158e+01
9.952606635071089158e+01
9.976303317535546000e+01
9.976303317535546000e+01
9.976303317535546000e+01
1.000000000000000000e+02
9.976303317535546000e+01
9.952606635071089158e+01
9.952606635071089158e+01
9.952606635071089158e+01
9.928909952606635159e+01
9.952606635071089158e+01
9.976303317535546000e+01
9.952606635071089158e+01
9.976303317535546000e+01
9.952606635071089158e+01
9.976303317535546000e+01
9.905213270142179738e+01
9.976303317535546000e+01
1.000000000000000000e+02
1.000000000000000000e+02
9.976303317535546000e+01
9.976303317535546000e+01
9.976303317535546000e+01
9.976303317535546000e+01
9.952606635071089158e+01
9.976303317535546000e+01
9.976303317535546000e+01
9.976303317535546000e+01
9.976303317535546000e+01
9.976303317535546000e+01
9.976303317535546000e+01
9.976303317535546000e+01
9.976303317535546000e+01
1.000000000000000000e+02
9.976303317535546000e+01
9.976303317535546000e+01
1.000000000000000000e+02
9.976303317535546000e+01
9.952606635071089158e+01
9.976303317535546000e+01
9.952606635071089158e+01
9.952606635071089158e+01
9.976303317535546000e+01
9.952606635071089158e+01
1.000000000000000000e+02
9.952606635071089158e+01
1.000000000000000000e+02
9.976303317535546000e+01
9.976303317535546000e+01
9.952606635071089158e+01
9.952606635071089158e+01
9.952606635071089158e+01
9.976303317535546000e+01
9.952606635071089158e+01
9.976303317535546000e+01
9.976303317535546000e+01
9.952606635071089158e+01
9.976303317535546000e+01
9.976303317535546000e+01
9.976303317535546000e+01
9.976303317535546000e+01
9.976303317535546000e+01
9.952606635071089158e+01
9.976303317535546000e+01
1.000000000000000000e+02
1.000000000000000000e+02
9.976303317535546000e+01
9.952606635071089158e+01
9.976303317535546000e+01
9.976303317535546000e+01
9.976303317535546000e+01
9.952606635071089158e+01
9.976303317535546000e+01
9.976303317535546000e+01
1.000000000000000000e+02
9.976303317535546000e+01
9.976303317535546000e+01
9.976303317535546000e+01
9.976303317535546000e+01
9.976303317535546000e+01
9.976303317535546000e+01
9.952606635071089158e+01
9.976303317535546000e+01
9.952606635071089158e+01
9.976303317535546000e+01
9.976303317535546000e+01
9.952606635071089158e+01
9.976303317535546000e+01
9.976303317535546000e+01
9.976303317535546000e+01
1.000000000000000000e+02
1.000000000000000000e+02
9.952606635071089158e+01
9.976303317535546000e+01
9.976303317535546000e+01
9.976303317535546000e+01
1.000000000000000000e+02
9.976303317535546000e+01
9.976303317535546000e+01
9.976303317535546000e+01
9.976303317535546000e+01
9.952606635071089158e+01
9.928909952606635159e+01
9.976303317535546000e+01
9.881516587677725738e+01
9.928909952606635159e+01
9.857819905213270317e+01
9.810426540284360897e+01
9.739336492890996055e+01
9.715639810426540635e+01
9.715639810426540635e+01
9.834123222748814896e+01
9.715639810426540635e+01
9.715639810426540635e+01
9.715639810426540635e+01
9.857819905213270317e+01
9.976303317535546000e+01
9.976303317535546000e+01
9.976303317535546000e+01
9.976303317535546000e+01
9.976303317535546000e+01
9.976303317535546000e+01
1.000000000000000000e+02
9.976303317535546000e+01
9.976303317535546000e+01
9.976303317535546000e+01
9.976303317535546000e+01
9.952606635071089158e+01
1.000000000000000000e+02
9.952606635071089158e+01
9.976303317535546000e+01
1.000000000000000000e+02
9.976303317535546000e+01
9.976303317535546000e+01
9.952606635071089158e+01
1.000000000000000000e+02
9.976303317535546000e+01
9.976303317535546000e+01
9.952606635071089158e+01
9.976303317535546000e+01
9.976303317535546000e+01
9.976303317535546000e+01
9.976303317535546000e+01
1.000000000000000000e+02
9.952606635071089158e+01
9.952606635071089158e+01
9.952606635071089158e+01
9.952606635071089158e+01
1.000000000000000000e+02
9.976303317535546000e+01
9.952606635071089158e+01
1.000000000000000000e+02
9.976303317535546000e+01
9.976303317535546000e+01
9.976303317535546000e+01
9.952606635071089158e+01
9.976303317535546000e+01
9.976303317535546000e+01
1.000000000000000000e+02
9.976303317535546000e+01
9.952606635071089158e+01
9.976303317535546000e+01
1.000000000000000000e+02
1.000000000000000000e+02
1.000000000000000000e+02
9.976303317535546000e+01
9.952606635071089158e+01
9.976303317535546000e+01
9.976303317535546000e+01
9.952606635071089158e+01
1.000000000000000000e+02
9.952606635071089158e+01
9.976303317535546000e+01
9.952606635071089158e+01
9.976303317535546000e+01
9.976303317535546000e+01
9.976303317535546000e+01
1.000000000000000000e+02
9.976303317535546000e+01
9.976303317535546000e+01
9.952606635071089158e+01
9.952606635071089158e+01
1.000000000000000000e+02
9.976303317535546000e+01
9.952606635071089158e+01
9.952606635071089158e+01
9.976303317535546000e+01
9.952606635071089158e+01
