4.657814096016343086e+01
8.130745658835546408e+01
9.070480081716037546e+01
9.346271705822267961e+01
9.703779366700715059e+01
9.826353421859039372e+01
9.765066394279877215e+01
9.713993871297242322e+01
9.805924412665986267e+01
9.856996935648621161e+01
9.887640449438201529e+01
9.918283963227783318e+01
9.846782431052093898e+01
9.826353421859039372e+01
9.897854954034728792e+01
9.938712972420837843e+01
9.948927477017363685e+01
9.959141981613890948e+01
9.948927477017363685e+01
9.918283963227783318e+01
9.908069458631257476e+01
9.959141981613890948e+01
9.969356486210418211e+01
9.969356486210418211e+01
9.959141981613890948e+01
9.948927477017363685e+01
9.938712972420837843e+01
9.948927477017363685e+01
9.918283963227783318e+01
9.979570990806946895e+01
9.928498467824310580e+01
9.938712972420837843e+01
9.765066394279877215e+01
9.775280898876404478e+01
9.877425944841675687e+01
9.938712972420837843e+01
9.948927477017363685e+01
9.928498467824310580e+01
9.979570990806946895e+01
9.938712972420837843e+01
9.948927477017363685e+01
1.000000000000000000e+02
9.959141981613890948e+01
9.938712972420837843e+01
9.979570990806946895e+01
9.969356486210418211e+01
9.928498467824310580e+01
9.959141981613890948e+01
9.826353421859039372e+01
9.816138917262512109e+01
9.877425944841675687e+01
9.938712972420837843e+01
9.948927477017363685e+01
9.969356486210418211e+01
9.928498467824310580e+01
9.928498467824310580e+01
9.959141981613890948e+01
9.959141981613890948e+01
9.948927477017363685e+01
9.928498467824310580e+01
9.959141981613890948e+01
9.969356486210418211e+01
9.959141981613890948e+01
9.979570990806946895e+01
9.969356486210418211e+01
9.948927477017363685e+01
9.979570990806946895e+01
9.928498467824310580e+01
9.867211440245148424e+01
9.887640449438201529e+01
9.979570990806946895e+01
9.969356486210418211e+01
9.959141981613890948e+01
9.969356486210418211e+01
9.948927477017363685e+01
9.959141981613890948e+01
9.918283963227783318e+01
9.877425944841675687e+01
9.887640449438201529e+01
9.948927477017363685e+01
9.948927477017363685e+01
9.928498467824310580e+01
9.959141981613890948e+01
9.959141981613890948e+01
9.979570990806946895e+01
9.979570990806946895e+01
9.979570990806946895e+01
9.969356486210418211e+01
9.969356486210418211e+01
9.979570990806946895e+01
9.979570990806946895e+01
9.959141981613890948e+01
9.979570990806946895e+01
9.979570990806946895e+01
9.989785495403472737e+01
9.979570990806946895e+01
9.979570990806946895e+01
9.969356486210418211e+01
9.979570990806946895e+01
9.989785495403472737e+01
9.979570990806946895e+01
9.979570990806946895e+01
9.928498467824310580e+01
9.908069458631257476e+01
9.887640449438201529e+01
9.938712972420837843e+01
9.856996935648621161e+01
9.826353421859039372e+01
9.918283963227783318e+01
9.887640449438201529e+01
9.948927477017363685e+01
9.867211440245148424e+01
9.918283963227783318e+01
9.959141981613890948e+01
9.979570990806946895e+01
9.979570990806946895e+01
9.969356486210418211e+01
9.938712972420837843e+01
9.979570990806946895e+01
9.979570990806946895e+01
9.989785495403472737e+01
9.989785495403472737e+01
9.969356486210418211e+01
9.969356486210418211e+01
9.979570990806946895e+01
9.989785495403472737e+01
9.969356486210418211e+01
9.979570990806946895e+01
9.969356486210418211e+01
9.989785495403472737e+01
9.979570990806946895e+01
1.000000000000000000e+02
9.979570990806946895e+01
9.979570990806946895e+01
9.979570990806946895e+01
9.979570990806946895e+01
9.989785495403472737e+01
9.989785495403472737e+01
9.979570990806946895e+01
9.979570990806946895e+01
9.959141981613890948e+01
9.959141981613890948e+01
1.000000000000000000e+02
9.979570990806946895e+01
9.979570990806946895e+01
9.989785495403472737e+01
9.979570990806946895e+01
9.979570990806946895e+01
9.979570990806946895e+01
9.979570990806946895e+01
9.979570990806946895e+01
9.969356486210418211e+01
9.979570990806946895e+01
9.989785495403472737e+01
9.969356486210418211e+01
9.979570990806946895e+01
9.969356486210418211e+01
9.979570990806946895e+01
9.948927477017363685e+01
9.897854954034728792e+01
9.856996935648621161e+01
9.816138917262512109e+01
9.816138917262512109e+01
9.795709908069459004e+01
9.938712972420837843e+01
9.948927477017363685e+01
9.989785495403472737e+01
9.959141981613890948e+01
1.000000000000000000e+02
9.979570990806946895e+01
9.979570990806946895e+01
9.989785495403472737e+01
9.979570990806946895e+01
9.979570990806946895e+01
9.959141981613890948e+01
9.969356486210418211e+01
9.979570990806946895e+01
9.948927477017363685e+01
9.928498467824310580e+01
9.979570990806946895e+01
9.979570990806946895e+01
9.969356486210418211e+01
9.948927477017363685e+01
9.969356486210418211e+01
9.979570990806946895e+01
9.969356486210418211e+01
9.989785495403472737e+01
9.959141981613890948e+01
9.989785495403472737e+01
9.969356486210418211e+01
9.989785495403472737e+01
9.979570990806946895e+01
9.979570990806946895e+01
9.979570990806946895e+01
9.979570990806946895e+01
9.959141981613890948e+01
9.989785495403472737e+01
9.979570990806946895e+01
9.969356486210418211e+01
9.989785495403472737e+01
