7.541627762215998132e+01
7.938842203548085763e+01
8.270308123249299115e+01
8.637566137566136604e+01
8.934796140678493259e+01
9.162387177093059165e+01
9.340569561157796841e+01
9.467787114845937424e+01
9.546374105197634208e+01
9.600840336134453423e+01
9.644413320883909080e+01
9.636632430750078981e+01
9.687986305633364736e+01
9.698879551820728295e+01
9.690320572673513766e+01
9.733504512916277918e+01
9.760348583877996020e+01
9.753345782757547511e+01
9.767351384998444530e+01
9.760348583877996020e+01
9.776688453159042069e+01
9.784858387799563673e+01
9.808979147214441241e+01
9.800809212573918217e+01
9.812869592281356290e+01
9.828431372549019329e+01
9.808201058201058231e+01
9.828042328042327824e+01
9.808979147214441241e+01
9.851384998443822383e+01
9.845549330843448388e+01
9.835823218176159344e+01
9.836212262682850849e+01
9.846327419856831398e+01
9.849439775910364858e+01
9.857220666044194957e+01
9.865390600684717981e+01
9.844771241830065378e+01
9.884453781512605985e+01
9.867335823218176927e+01
9.858387799564269471e+01
9.853719265483971412e+01
9.875894802365390035e+01
9.879007158418923495e+01
9.848661686896981848e+01
9.890678493619670064e+01
9.873171490818549501e+01
9.890678493619670064e+01
9.880563336445689515e+01
9.895347027699969544e+01
9.895736072206659628e+01
9.886009959539372005e+01
9.900404606286959108e+01
9.898070339246810079e+01
9.909741674447556647e+01
9.888344226579521035e+01
9.900793650793650613e+01
9.911297852474322667e+01
9.921413009648303216e+01
9.900404606286959108e+01
9.911686896981014172e+01
9.915577342047929221e+01
9.919467787114845692e+01
9.920245876128228701e+01
9.922969187675070657e+01
9.917133520074696662e+01
9.906629318394024608e+01
9.920634920634921627e+01
9.928415810768751726e+01
9.930361033302209250e+01
9.936196700902583245e+01
9.926081543728602696e+01
9.936196700902583245e+01
9.933862433862434216e+01
9.928804855275443231e+01
9.928415810768751726e+01
9.926081543728602696e+01
9.933862433862434216e+01
9.943588546529721839e+01
9.943199502023031755e+01
9.943977591036414765e+01
9.933862433862434216e+01
9.934251478369124300e+01
9.945922813569872289e+01
9.938530967942732275e+01
9.944366635543106270e+01
9.941254279489572809e+01
9.945922813569872289e+01
9.910130718954248152e+01
9.960317460317460814e+01
9.963818860877684358e+01
9.947868036103329814e+01
9.948257080610022740e+01
9.951369436663554779e+01
9.963429816370992853e+01
9.912854030501088687e+01
9.951369436663554779e+01
9.962262682850918338e+01
9.939309056956116706e+01
9.962651727357609843e+01
