6.716355363984673943e+01
7.675407088122605614e+01
8.150143678160918626e+01
8.565613026819923448e+01
8.897868773946359511e+01
9.189415708812261130e+01
9.316331417624522260e+01
9.423491379310344485e+01
9.518079501915708818e+01
9.612667624521073151e+01
9.546216475095785370e+01
9.579741379310344485e+01
9.658165708812261130e+01
9.688098659003830448e+01
9.679717432950191380e+01
9.746767241379311031e+01
9.752753831417624042e+01
9.714439655172412813e+01
9.728208812260535865e+01
9.773706896551723844e+01
9.756345785440613838e+01
9.774305555555555713e+01
9.750957854406129854e+01
9.762931034482758719e+01
9.815014367816091578e+01
9.845545977011494188e+01
9.802442528735632266e+01
9.819204980842911823e+01
9.825790229885058125e+01
9.828184865900382761e+01
9.832974137931034875e+01
9.849736590038314432e+01
9.866499042145593990e+01
9.828783524904214630e+01
9.827586206896550891e+01
9.843151340996169552e+01
9.841954022988505812e+01
9.842552681992337682e+01
9.879070881226054723e+01
9.879070881226054723e+01
9.859315134099617239e+01
9.876077586206896797e+01
9.858117816091953500e+01
9.865301724137931672e+01
9.859315134099617239e+01
9.900023946360153104e+01
9.893438697318008224e+01
9.886254789272031474e+01
9.885656130268199604e+01
9.907207854406129854e+01
9.891044061302682167e+01
9.911398467432950099e+01
9.925766283524903599e+01
9.895833333333334281e+01
9.902418582375477740e+01
9.912595785440613838e+01
9.903017241379311031e+01
9.901221264367816843e+01
9.925167624521073151e+01
9.899425287356321235e+01
9.915589080459770344e+01
9.933548850574712219e+01
9.940732758620688969e+01
9.922772988505747094e+01
9.927562260536399208e+01
9.934746168582375958e+01
9.933548850574712219e+01
9.953903256704981573e+01
9.931752873563219453e+01
9.939535440613026651e+01
9.905411877394637088e+01
9.919779693486590588e+01
9.925167624521073151e+01
9.931154214559386162e+01
9.935943486590038276e+01
9.957495210727968526e+01
9.946719348659003401e+01
9.939535440613026651e+01
9.935943486590038276e+01
9.958692528735632266e+01
9.917385057471264531e+01
9.937140804597702015e+01
9.952705938697317833e+01
9.958692528735632266e+01
9.913194444444444287e+01
9.948515325670499010e+01
9.955100574712643891e+01
9.943726053639846896e+01
9.935344827586206407e+01
9.967672413793103203e+01
9.947916666666665719e+01
9.933548850574712219e+01
9.958093869731800396e+01
9.970067049808429260e+01
9.952107279693485964e+01
9.966475095785440885e+01
9.952107279693485964e+01
9.945522030651341083e+01
9.949712643678161328e+01
9.955100574712643891e+01
