6.670258620689655515e+01
7.499401340996169552e+01
7.878352490421455911e+01
8.342313218390803797e+01
8.800287356321838672e+01
9.074473180076628864e+01
9.253472222222221433e+01
9.406130268199234479e+01
9.457016283524903599e+01
9.493534482758620641e+01
9.553999042145593990e+01
9.615062260536399208e+01
9.673730842911876948e+01
9.691091954022988375e+01
9.674928160919540687e+01
9.683908045977011625e+01
9.700071839080459313e+01
9.713840996168582365e+01
9.774904214559386162e+01
9.747365900383141479e+01
9.807231800766284380e+01
9.782686781609196203e+01
9.789870689655172953e+01
9.797054597701149703e+01
9.823395593869732068e+01
9.782686781609196203e+01
9.792265325670499010e+01
9.830579501915708818e+01
9.839559386973179755e+01
9.841954022988505812e+01
9.852729885057470938e+01
9.847341954022988375e+01
9.853927203065133256e+01
9.846144636015326057e+01
9.850335249042146302e+01
9.854525862068965125e+01
9.841954022988505812e+01
9.891642720306514036e+01
9.866499042145593990e+01
9.852131226053640489e+01
9.884458812260535865e+01
9.874880268199234479e+01
9.892241379310344485e+01
9.882662835249041677e+01
9.882662835249041677e+01
9.896431992337164729e+01
9.880866858237547490e+01
9.861709770114941875e+01
9.900622605363984974e+01
9.885057471264367734e+01
9.884458812260535865e+01
9.920378352490421037e+01
9.923970306513409412e+01
9.919181034482758719e+01
9.903615900383141479e+01
9.868295019157088177e+01
9.935943486590038276e+01
9.924568965517241281e+01
9.945522030651341083e+01
9.940732758620688969e+01
9.906010536398467536e+01
9.920977011494252906e+01
9.928160919540229656e+01
9.927562260536399208e+01
9.925766283524903599e+01
9.906010536398467536e+01
9.939535440613026651e+01
9.920378352490421037e+01
9.907207854406129854e+01
9.940732758620688969e+01
9.954501915708812021e+01
9.917983716475096401e+01
9.938338122605362912e+01
9.925766283524903599e+01
9.948515325670499010e+01
9.946120689655172953e+01
9.917983716475096401e+01
9.935344827586206407e+01
9.944923371647509214e+01
9.953903256704981573e+01
9.938338122605362912e+01
9.934746168582375958e+01
9.938338122605362912e+01
9.946120689655172953e+01
9.929358237547893395e+01
9.791666666666665719e+01
9.924568965517241281e+01
9.941930076628352708e+01
9.925167624521073151e+01
9.943726053639846896e+01
9.946120689655172953e+01
9.958093869731800396e+01
9.938338122605362912e+01
9.957495210727968526e+01
9.935344827586206407e+01
9.952705938697317833e+01
9.970665708812261130e+01
9.956896551724138078e+01
9.955699233716475760e+01
9.925167624521073151e+01
