6.943760262725780308e+01
7.547892720306514036e+01
7.904351395730706997e+01
8.364121510673234638e+01
8.685686918445539106e+01
9.080459770114941875e+01
9.259715380405036456e+01
9.372605363984673943e+01
9.521072796934866744e+01
9.508757525998905180e+01
9.632594417077176274e+01
9.644909688013136417e+01
9.692802408319649032e+01
9.734537493158182997e+01
9.740010946907499090e+01
9.726327312534208147e+01
9.738642583470169711e+01
9.761904761904762040e+01
9.792008757525998419e+01
9.795429666119321155e+01
9.776272577996716961e+01
9.799534756431307869e+01
9.832375478927203005e+01
9.814586754241926769e+01
9.816639299397920126e+01
9.825533661740558955e+01
9.821428571428570820e+01
9.828270388615216291e+01
9.850164203612479241e+01
9.834428024083196362e+01
9.843322386425835191e+01
9.849480021893815263e+01
9.857690202517788691e+01
9.866584564860426099e+01
9.875478927203064927e+01
9.868637110016420877e+01
9.863163656267104784e+01
9.897372742200329299e+01
9.871373836891078213e+01
9.896004378762998499e+01
9.890530925013683827e+01
9.875478927203064927e+01
9.893267651888341163e+01
9.885741652983031713e+01
9.874794745484400948e+01
9.895320197044334520e+01
9.815955117679256148e+01
9.911740558292282799e+01
9.936371100164204506e+01
9.920634920634921627e+01
9.913108921729610756e+01
9.914477285166940135e+01
9.915845648604269513e+01
9.935686918445539106e+01
9.922687465790913564e+01
9.919950738916256228e+01
9.904214559386973349e+01
9.910372194854953420e+01
9.867268746579091498e+01
9.921319102353585606e+01
9.928160919540229656e+01
9.924740010946906921e+01
9.912424740010946778e+01
9.932950191570881771e+01
9.912424740010946778e+01
9.917214012041598892e+01
9.935002736726875128e+01
9.932266009852216371e+01
9.935686918445539106e+01
9.942528735632183157e+01
9.917898193760262870e+01
9.919266557197590828e+01
9.943897099069512535e+01
9.924055829228242942e+01
9.952107279693485964e+01
9.935002736726875128e+01
9.913108921729610756e+01
9.934318555008209728e+01
9.948686371100163228e+01
9.945949644225505892e+01
9.949370552818828628e+01
9.963738368910782128e+01
9.935686918445539106e+01
9.955528188286808700e+01
9.952791461412151364e+01
9.937055281882868485e+01
9.925424192665572320e+01
9.958949096880131435e+01
9.938423645320196442e+01
9.956896551724138078e+01
9.950738916256158006e+01
9.939107827038860421e+01
9.967843459222768843e+01
9.952107279693485964e+01
9.974001094690750335e+01
9.961685823754788771e+01
9.924055829228242942e+01
9.950054734537494028e+01
9.968527640941434242e+01
9.966475095785440885e+01
